|6.6.6
faL_1373-2273-10
           2
 T(K)
   1373.15000000000
   10.0000000000000
          91
 P(bar)
   1.00000000000000
   1.00000000000000
           1
          29
      T(K)           P(bar)   g(J/mol)       h(J/mol)       log10[Keq]     s(J/mol/K)     cp(J/mol/K)    v(J/mol/bar)   alpha(1/K)     beta(1/bar)    N(g/mol)       rho(kg/m3)     Gruneisen_T    Ks(bar)        KsT(bar/K)     KsP            Gs(bar)        GsT(bar/K)     GsP            v0(km/s)       v0T(km/s/K)    v0P(km/s/bar)  vp(km/s)       vpT(km/s/K)    vpP(km/s/bar)  vs(km/s)       vsT(km/s/K)    vsP(km/s/bar)  cp/cv
  1373.150       1.000000      -1699537.      -1056636.       64.64955       468.1947       243.7000       5.247412      0.5618394E-03  0.2267665E-04   0.000000       0.000000                NaN   0.000000       0.000000       0.000000       0.000000       0.000000       0.000000       0.000000       0.000000       0.000000       0.000000       0.000000       0.000000       0.000000       0.000000       0.000000       0.000000
  1383.150       1.000000      -1704228.      -1054199.       64.35929       469.9630       243.7000       5.253035      0.5624411E-03  0.2275516E-04   0.000000       0.000000                NaN   0.000000       0.000000       0.000000       0.000000       0.000000       0.000000       0.000000       0.000000       0.000000       0.000000       0.000000       0.000000       0.000000       0.000000       0.000000       0.000000
  1393.150       1.000000      -1708937.      -1051762.       64.07385       471.7186       243.7000       5.258664      0.5630435E-03  0.2283407E-04   0.000000       0.000000                NaN   0.000000       0.000000       0.000000       0.000000       0.000000       0.000000       0.000000       0.000000       0.000000       0.000000       0.000000       0.000000       0.000000       0.000000       0.000000       0.000000
  1403.150       1.000000      -1713663.      -1049325.       63.79314       473.4616       243.7000       5.264299      0.5636465E-03  0.2291338E-04   0.000000       0.000000                NaN   0.000000       0.000000       0.000000       0.000000       0.000000       0.000000       0.000000       0.000000       0.000000       0.000000       0.000000       0.000000       0.000000       0.000000       0.000000       0.000000
  1413.150       1.000000      -1718406.      -1046888.       63.51704       475.1923       243.7000       5.269940      0.5642501E-03  0.2299310E-04   0.000000       0.000000                NaN   0.000000       0.000000       0.000000       0.000000       0.000000       0.000000       0.000000       0.000000       0.000000       0.000000       0.000000       0.000000       0.000000       0.000000       0.000000       0.000000
  1423.150       1.000000      -1723166.      -1044451.       63.24545       476.9107       243.7000       5.275587      0.5648544E-03  0.2307323E-04   0.000000       0.000000                NaN   0.000000       0.000000       0.000000       0.000000       0.000000       0.000000       0.000000       0.000000       0.000000       0.000000       0.000000       0.000000       0.000000       0.000000       0.000000       0.000000
  1433.150       1.000000      -1727944.      -1042014.       62.97828       478.6171       243.7000       5.281240      0.5654594E-03  0.2315377E-04   0.000000       0.000000                NaN   0.000000       0.000000       0.000000       0.000000       0.000000       0.000000       0.000000       0.000000       0.000000       0.000000       0.000000       0.000000       0.000000       0.000000       0.000000       0.000000
  1443.150       1.000000      -1732739.      -1039577.       62.71542       480.3117       243.7000       5.286899      0.5660650E-03  0.2323474E-04   0.000000       0.000000                NaN   0.000000       0.000000       0.000000       0.000000       0.000000       0.000000       0.000000       0.000000       0.000000       0.000000       0.000000       0.000000       0.000000       0.000000       0.000000       0.000000
  1453.150       1.000000      -1737550.      -1037140.       62.45679       481.9945       243.7000       5.292565      0.5666712E-03  0.2331612E-04   0.000000       0.000000                NaN   0.000000       0.000000       0.000000       0.000000       0.000000       0.000000       0.000000       0.000000       0.000000       0.000000       0.000000       0.000000       0.000000       0.000000       0.000000       0.000000
  1463.150       1.000000      -1742379.      -1034703.       62.20229       483.6658       243.7000       5.298236      0.5672781E-03  0.2339792E-04   0.000000       0.000000                NaN   0.000000       0.000000       0.000000       0.000000       0.000000       0.000000       0.000000       0.000000       0.000000       0.000000       0.000000       0.000000       0.000000       0.000000       0.000000       0.000000
  1473.150       1.000000      -1747224.      -1032266.       61.95184       485.3257       243.7000       5.303913      0.5678856E-03  0.2348015E-04   0.000000       0.000000                NaN   0.000000       0.000000       0.000000       0.000000       0.000000       0.000000       0.000000       0.000000       0.000000       0.000000       0.000000       0.000000       0.000000       0.000000       0.000000       0.000000
  1483.150       1.000000      -1752085.      -1029829.       61.70535       486.9744       243.7000       5.309597      0.5684938E-03  0.2356281E-04   0.000000       0.000000                NaN   0.000000       0.000000       0.000000       0.000000       0.000000       0.000000       0.000000       0.000000       0.000000       0.000000       0.000000       0.000000       0.000000       0.000000       0.000000       0.000000
  1493.150       1.000000      -1756963.      -1027392.       61.46274       488.6120       243.7000       5.315286      0.5691026E-03  0.2364590E-04   0.000000       0.000000                NaN   0.000000       0.000000       0.000000       0.000000       0.000000       0.000000       0.000000       0.000000       0.000000       0.000000       0.000000       0.000000       0.000000       0.000000       0.000000       0.000000
  1503.150       1.000000      -1761857.      -1024955.       61.22392       490.2387       243.7000       5.320982      0.5697121E-03  0.2372943E-04   0.000000       0.000000                NaN   0.000000       0.000000       0.000000       0.000000       0.000000       0.000000       0.000000       0.000000       0.000000       0.000000       0.000000       0.000000       0.000000       0.000000       0.000000       0.000000
  1513.150       1.000000      -1766768.      -1022518.       60.98882       491.8546       243.7000       5.326684      0.5703222E-03  0.2381340E-04   0.000000       0.000000                NaN   0.000000       0.000000       0.000000       0.000000       0.000000       0.000000       0.000000       0.000000       0.000000       0.000000       0.000000       0.000000       0.000000       0.000000       0.000000       0.000000
  1523.150       1.000000      -1771694.      -1020081.       60.75735       493.4599       243.7000       5.332392      0.5709330E-03  0.2389781E-04   0.000000       0.000000                NaN   0.000000       0.000000       0.000000       0.000000       0.000000       0.000000       0.000000       0.000000       0.000000       0.000000       0.000000       0.000000       0.000000       0.000000       0.000000       0.000000
  1533.150       1.000000      -1776637.      -1017644.       60.52945       495.0546       243.7000       5.338106      0.5715444E-03  0.2398266E-04   0.000000       0.000000                NaN   0.000000       0.000000       0.000000       0.000000       0.000000       0.000000       0.000000       0.000000       0.000000       0.000000       0.000000       0.000000       0.000000       0.000000       0.000000       0.000000
  1543.150       1.000000      -1781595.      -1015207.       60.30505       496.6390       243.7000       5.343826      0.5721565E-03  0.2406797E-04   0.000000       0.000000                NaN   0.000000       0.000000       0.000000       0.000000       0.000000       0.000000       0.000000       0.000000       0.000000       0.000000       0.000000       0.000000       0.000000       0.000000       0.000000       0.000000
  1553.150       1.000000      -1786570.      -1012770.       60.08406       498.2131       243.7000       5.349552      0.5727693E-03  0.2415372E-04   0.000000       0.000000                NaN   0.000000       0.000000       0.000000       0.000000       0.000000       0.000000       0.000000       0.000000       0.000000       0.000000       0.000000       0.000000       0.000000       0.000000       0.000000       0.000000
  1563.150       1.000000      -1791560.      -1010333.       59.86643       499.7772       243.7000       5.355284      0.5733827E-03  0.2423993E-04   0.000000       0.000000                NaN   0.000000       0.000000       0.000000       0.000000       0.000000       0.000000       0.000000       0.000000       0.000000       0.000000       0.000000       0.000000       0.000000       0.000000       0.000000       0.000000
  1573.150       1.000000      -1796565.      -1007896.       59.65208       501.3312       243.7000       5.361023      0.5739967E-03  0.2432661E-04   0.000000       0.000000                NaN   0.000000       0.000000       0.000000       0.000000       0.000000       0.000000       0.000000       0.000000       0.000000       0.000000       0.000000       0.000000       0.000000       0.000000       0.000000       0.000000
  1583.150       1.000000      -1801586.      -1005459.       59.44095       502.8754       243.7000       5.366768      0.5746114E-03  0.2441374E-04   0.000000       0.000000                NaN   0.000000       0.000000       0.000000       0.000000       0.000000       0.000000       0.000000       0.000000       0.000000       0.000000       0.000000       0.000000       0.000000       0.000000       0.000000       0.000000
  1593.150       1.000000      -1806623.      -1003022.       59.23297       504.4099       243.7000       5.372518      0.5752268E-03  0.2450134E-04   0.000000       0.000000                NaN   0.000000       0.000000       0.000000       0.000000       0.000000       0.000000       0.000000       0.000000       0.000000       0.000000       0.000000       0.000000       0.000000       0.000000       0.000000       0.000000
  1603.150       1.000000      -1811674.      -1000585.       59.02809       505.9348       243.7000       5.378275      0.5758428E-03  0.2458941E-04   0.000000       0.000000                NaN   0.000000       0.000000       0.000000       0.000000       0.000000       0.000000       0.000000       0.000000       0.000000       0.000000       0.000000       0.000000       0.000000       0.000000       0.000000       0.000000
  1613.150       1.000000      -1816741.      -998147.9       58.82624       507.4502       243.7000       5.384039      0.5764595E-03  0.2467795E-04   0.000000       0.000000                NaN   0.000000       0.000000       0.000000       0.000000       0.000000       0.000000       0.000000       0.000000       0.000000       0.000000       0.000000       0.000000       0.000000       0.000000       0.000000       0.000000
  1623.150       1.000000      -1821823.      -995710.9       58.62736       508.9563       243.7000       5.389808      0.5770768E-03  0.2476697E-04   0.000000       0.000000                NaN   0.000000       0.000000       0.000000       0.000000       0.000000       0.000000       0.000000       0.000000       0.000000       0.000000       0.000000       0.000000       0.000000       0.000000       0.000000       0.000000
  1633.150       1.000000      -1826920.      -993273.9       58.43140       510.4531       243.7000       5.395583      0.5776948E-03  0.2485647E-04   0.000000       0.000000                NaN   0.000000       0.000000       0.000000       0.000000       0.000000       0.000000       0.000000       0.000000       0.000000       0.000000       0.000000       0.000000       0.000000       0.000000       0.000000       0.000000
  1643.150       1.000000      -1832032.      -990836.9       58.23830       511.9407       243.7000       5.401365      0.5783135E-03  0.2494645E-04   0.000000       0.000000                NaN   0.000000       0.000000       0.000000       0.000000       0.000000       0.000000       0.000000       0.000000       0.000000       0.000000       0.000000       0.000000       0.000000       0.000000       0.000000       0.000000
  1653.150       1.000000      -1837159.      -988399.9       58.04800       513.4194       243.7000       5.407153      0.5789328E-03  0.2503693E-04   0.000000       0.000000                NaN   0.000000       0.000000       0.000000       0.000000       0.000000       0.000000       0.000000       0.000000       0.000000       0.000000       0.000000       0.000000       0.000000       0.000000       0.000000       0.000000
  1663.150       1.000000      -1842301.      -985962.9       57.86045       514.8891       243.7000       5.412947      0.5795528E-03  0.2512789E-04   0.000000       0.000000                NaN   0.000000       0.000000       0.000000       0.000000       0.000000       0.000000       0.000000       0.000000       0.000000       0.000000       0.000000       0.000000       0.000000       0.000000       0.000000       0.000000
  1673.150       1.000000      -1847457.      -983525.9       57.67561       516.3500       243.7000       5.418747      0.5801734E-03  0.2521935E-04   0.000000       0.000000                NaN   0.000000       0.000000       0.000000       0.000000       0.000000       0.000000       0.000000       0.000000       0.000000       0.000000       0.000000       0.000000       0.000000       0.000000       0.000000       0.000000
  1683.150       1.000000      -1852628.      -981088.9       57.49341       517.8022       243.7000       5.424554      0.5807947E-03  0.2531131E-04   0.000000       0.000000                NaN   0.000000       0.000000       0.000000       0.000000       0.000000       0.000000       0.000000       0.000000       0.000000       0.000000       0.000000       0.000000       0.000000       0.000000       0.000000       0.000000
  1693.150       1.000000      -1857813.      -978651.9       57.31381       519.2458       243.7000       5.430367      0.5814167E-03  0.2540377E-04   0.000000       0.000000                NaN   0.000000       0.000000       0.000000       0.000000       0.000000       0.000000       0.000000       0.000000       0.000000       0.000000       0.000000       0.000000       0.000000       0.000000       0.000000       0.000000
  1703.150       1.000000      -1863013.      -976214.9       57.13676       520.6809       243.7000       5.436186      0.5820393E-03  0.2549674E-04   0.000000       0.000000                NaN   0.000000       0.000000       0.000000       0.000000       0.000000       0.000000       0.000000       0.000000       0.000000       0.000000       0.000000       0.000000       0.000000       0.000000       0.000000       0.000000
  1713.150       1.000000      -1868226.      -973777.9       56.96222       522.1076       243.7000       5.442011      0.5826626E-03  0.2559022E-04   0.000000       0.000000                NaN   0.000000       0.000000       0.000000       0.000000       0.000000       0.000000       0.000000       0.000000       0.000000       0.000000       0.000000       0.000000       0.000000       0.000000       0.000000       0.000000
  1723.150       1.000000      -1873455.      -971340.9       56.79013       523.5260       243.7000       5.447842      0.5832865E-03  0.2568422E-04   0.000000       0.000000                NaN   0.000000       0.000000       0.000000       0.000000       0.000000       0.000000       0.000000       0.000000       0.000000       0.000000       0.000000       0.000000       0.000000       0.000000       0.000000       0.000000
  1733.150       1.000000      -1878697.      -968903.9       56.62045       524.9362       243.7000       5.453680      0.5839111E-03  0.2577874E-04   0.000000       0.000000                NaN   0.000000       0.000000       0.000000       0.000000       0.000000       0.000000       0.000000       0.000000       0.000000       0.000000       0.000000       0.000000       0.000000       0.000000       0.000000       0.000000
  1743.150       1.000000      -1883953.      -966466.9       56.45314       526.3382       243.7000       5.459524      0.5845364E-03  0.2587378E-04   0.000000       0.000000                NaN   0.000000       0.000000       0.000000       0.000000       0.000000       0.000000       0.000000       0.000000       0.000000       0.000000       0.000000       0.000000       0.000000       0.000000       0.000000       0.000000
  1753.150       1.000000      -1889224.      -964029.9       56.28816       527.7323       243.7000       5.465374      0.5851624E-03  0.2596934E-04   0.000000       0.000000                NaN   0.000000       0.000000       0.000000       0.000000       0.000000       0.000000       0.000000       0.000000       0.000000       0.000000       0.000000       0.000000       0.000000       0.000000       0.000000       0.000000
  1763.150       1.000000      -1894508.      -961592.9       56.12546       529.1184       243.7000       5.471231      0.5857890E-03  0.2606544E-04   0.000000       0.000000                NaN   0.000000       0.000000       0.000000       0.000000       0.000000       0.000000       0.000000       0.000000       0.000000       0.000000       0.000000       0.000000       0.000000       0.000000       0.000000       0.000000
  1773.150       1.000000      -1899806.      -959155.9       55.96500       530.4967       243.7000       5.477093      0.5864163E-03  0.2616208E-04   0.000000       0.000000                NaN   0.000000       0.000000       0.000000       0.000000       0.000000       0.000000       0.000000       0.000000       0.000000       0.000000       0.000000       0.000000       0.000000       0.000000       0.000000       0.000000
  1783.150       1.000000      -1905118.      -956718.9       55.80675       531.8672       243.7000       5.482962      0.5870443E-03  0.2625925E-04   0.000000       0.000000                NaN   0.000000       0.000000       0.000000       0.000000       0.000000       0.000000       0.000000       0.000000       0.000000       0.000000       0.000000       0.000000       0.000000       0.000000       0.000000       0.000000
  1793.150       1.000000      -1910443.      -954281.9       55.65066       533.2301       243.7000       5.488838      0.5876729E-03  0.2635697E-04   0.000000       0.000000                NaN   0.000000       0.000000       0.000000       0.000000       0.000000       0.000000       0.000000       0.000000       0.000000       0.000000       0.000000       0.000000       0.000000       0.000000       0.000000       0.000000
  1803.150       1.000000      -1915782.      -951844.9       55.49669       534.5854       243.7000       5.494719      0.5883022E-03  0.2645524E-04   0.000000       0.000000                NaN   0.000000       0.000000       0.000000       0.000000       0.000000       0.000000       0.000000       0.000000       0.000000       0.000000       0.000000       0.000000       0.000000       0.000000       0.000000       0.000000
  1813.150       1.000000      -1921135.      -949407.9       55.34481       535.9331       243.7000       5.500607      0.5889322E-03  0.2655406E-04   0.000000       0.000000                NaN   0.000000       0.000000       0.000000       0.000000       0.000000       0.000000       0.000000       0.000000       0.000000       0.000000       0.000000       0.000000       0.000000       0.000000       0.000000       0.000000
  1823.150       1.000000      -1926501.      -946970.9       55.19498       537.2735       243.7000       5.506502      0.5895628E-03  0.2665344E-04   0.000000       0.000000                NaN   0.000000       0.000000       0.000000       0.000000       0.000000       0.000000       0.000000       0.000000       0.000000       0.000000       0.000000       0.000000       0.000000       0.000000       0.000000       0.000000
  1833.150       1.000000      -1931881.      -944533.9       55.04717       538.6066       243.7000       5.512402      0.5901942E-03  0.2675339E-04   0.000000       0.000000                NaN   0.000000       0.000000       0.000000       0.000000       0.000000       0.000000       0.000000       0.000000       0.000000       0.000000       0.000000       0.000000       0.000000       0.000000       0.000000       0.000000
  1843.150       1.000000      -1937273.      -942096.9       54.90134       539.9324       243.7000       5.518309      0.5908262E-03  0.2685390E-04   0.000000       0.000000                NaN   0.000000       0.000000       0.000000       0.000000       0.000000       0.000000       0.000000       0.000000       0.000000       0.000000       0.000000       0.000000       0.000000       0.000000       0.000000       0.000000
  1853.150       1.000000      -1942679.      -939659.9       54.75745       541.2510       243.7000       5.524222      0.5914588E-03  0.2695498E-04   0.000000       0.000000                NaN   0.000000       0.000000       0.000000       0.000000       0.000000       0.000000       0.000000       0.000000       0.000000       0.000000       0.000000       0.000000       0.000000       0.000000       0.000000       0.000000
  1863.150       1.000000      -1948098.      -937222.9       54.61548       542.5625       243.7000       5.530142      0.5920922E-03  0.2705664E-04   0.000000       0.000000                NaN   0.000000       0.000000       0.000000       0.000000       0.000000       0.000000       0.000000       0.000000       0.000000       0.000000       0.000000       0.000000       0.000000       0.000000       0.000000       0.000000
  1873.150       1.000000      -1953530.      -934785.9       54.47539       543.8670       243.7000       5.536068      0.5927262E-03  0.2715887E-04   0.000000       0.000000                NaN   0.000000       0.000000       0.000000       0.000000       0.000000       0.000000       0.000000       0.000000       0.000000       0.000000       0.000000       0.000000       0.000000       0.000000       0.000000       0.000000
  1883.150       1.000000      -1958976.      -932348.9       54.33715       545.1646       243.7000       5.542000      0.5933609E-03  0.2726170E-04   0.000000       0.000000                NaN   0.000000       0.000000       0.000000       0.000000       0.000000       0.000000       0.000000       0.000000       0.000000       0.000000       0.000000       0.000000       0.000000       0.000000       0.000000       0.000000
  1893.150       1.000000      -1964434.      -929911.9       54.20072       546.4552       243.7000       5.547938      0.5939962E-03  0.2736511E-04   0.000000       0.000000                NaN   0.000000       0.000000       0.000000       0.000000       0.000000       0.000000       0.000000       0.000000       0.000000       0.000000       0.000000       0.000000       0.000000       0.000000       0.000000       0.000000
  1903.150       1.000000      -1969905.      -927474.9       54.06608       547.7391       243.7000       5.553883      0.5946323E-03  0.2746912E-04   0.000000       0.000000                NaN   0.000000       0.000000       0.000000       0.000000       0.000000       0.000000       0.000000       0.000000       0.000000       0.000000       0.000000       0.000000       0.000000       0.000000       0.000000       0.000000
  1913.150       1.000000      -1975388.      -925037.9       53.93320       549.0163       243.7000       5.559835      0.5952690E-03  0.2757373E-04   0.000000       0.000000                NaN   0.000000       0.000000       0.000000       0.000000       0.000000       0.000000       0.000000       0.000000       0.000000       0.000000       0.000000       0.000000       0.000000       0.000000       0.000000       0.000000
  1923.150       1.000000      -1980885.      -922600.9       53.80205       550.2868       243.7000       5.565792      0.5959064E-03  0.2767895E-04   0.000000       0.000000                NaN   0.000000       0.000000       0.000000       0.000000       0.000000       0.000000       0.000000       0.000000       0.000000       0.000000       0.000000       0.000000       0.000000       0.000000       0.000000       0.000000
  1933.150       1.000000      -1986394.      -920163.9       53.67260       551.5507       243.7000       5.571756      0.5965445E-03  0.2778477E-04   0.000000       0.000000                NaN   0.000000       0.000000       0.000000       0.000000       0.000000       0.000000       0.000000       0.000000       0.000000       0.000000       0.000000       0.000000       0.000000       0.000000       0.000000       0.000000
  1943.150       1.000000      -1991916.      -917726.9       53.54481       552.8081       243.7000       5.577727      0.5971833E-03  0.2789121E-04   0.000000       0.000000                NaN   0.000000       0.000000       0.000000       0.000000       0.000000       0.000000       0.000000       0.000000       0.000000       0.000000       0.000000       0.000000       0.000000       0.000000       0.000000       0.000000
  1953.150       1.000000      -1997450.      -915289.9       53.41868       554.0590       243.7000       5.583704      0.5978227E-03  0.2799828E-04   0.000000       0.000000                NaN   0.000000       0.000000       0.000000       0.000000       0.000000       0.000000       0.000000       0.000000       0.000000       0.000000       0.000000       0.000000       0.000000       0.000000       0.000000       0.000000
  1963.150       1.000000      -2002997.      -912852.9       53.29415       555.3036       243.7000       5.589687      0.5984629E-03  0.2810596E-04   0.000000       0.000000                NaN   0.000000       0.000000       0.000000       0.000000       0.000000       0.000000       0.000000       0.000000       0.000000       0.000000       0.000000       0.000000       0.000000       0.000000       0.000000       0.000000
  1973.150       1.000000      -2008556.      -910415.9       53.17122       556.5418       243.7000       5.595677      0.5991037E-03  0.2821428E-04   0.000000       0.000000                NaN   0.000000       0.000000       0.000000       0.000000       0.000000       0.000000       0.000000       0.000000       0.000000       0.000000       0.000000       0.000000       0.000000       0.000000       0.000000       0.000000
  1983.150       1.000000      -2014128.      -907978.9       53.04986       557.7737       243.7000       5.601673      0.5997452E-03  0.2832323E-04   0.000000       0.000000                NaN   0.000000       0.000000       0.000000       0.000000       0.000000       0.000000       0.000000       0.000000       0.000000       0.000000       0.000000       0.000000       0.000000       0.000000       0.000000       0.000000
  1993.150       1.000000      -2019712.      -905541.9       52.93003       558.9995       243.7000       5.607675      0.6003874E-03  0.2843283E-04   0.000000       0.000000                NaN   0.000000       0.000000       0.000000       0.000000       0.000000       0.000000       0.000000       0.000000       0.000000       0.000000       0.000000       0.000000       0.000000       0.000000       0.000000       0.000000
  2003.150       1.000000      -2025308.      -903104.9       52.81172       560.2191       243.7000       5.613684      0.6010302E-03  0.2854307E-04   0.000000       0.000000                NaN   0.000000       0.000000       0.000000       0.000000       0.000000       0.000000       0.000000       0.000000       0.000000       0.000000       0.000000       0.000000       0.000000       0.000000       0.000000       0.000000
  2013.150       1.000000      -2030916.      -900667.9       52.69490       561.4327       243.7000       5.619700      0.6016738E-03  0.2865397E-04   0.000000       0.000000                NaN   0.000000       0.000000       0.000000       0.000000       0.000000       0.000000       0.000000       0.000000       0.000000       0.000000       0.000000       0.000000       0.000000       0.000000       0.000000       0.000000
  2023.150       1.000000      -2036536.      -898230.9       52.57955       562.6402       243.7000       5.625722      0.6023180E-03  0.2876552E-04   0.000000       0.000000                NaN   0.000000       0.000000       0.000000       0.000000       0.000000       0.000000       0.000000       0.000000       0.000000       0.000000       0.000000       0.000000       0.000000       0.000000       0.000000       0.000000
  2033.150       1.000000      -2042169.      -895793.9       52.46564       563.8418       243.7000       5.631750      0.6029629E-03  0.2887774E-04   0.000000       0.000000                NaN   0.000000       0.000000       0.000000       0.000000       0.000000       0.000000       0.000000       0.000000       0.000000       0.000000       0.000000       0.000000       0.000000       0.000000       0.000000       0.000000
  2043.150       1.000000      -2047813.      -893356.9       52.35315       565.0375       243.7000       5.637785      0.6036085E-03  0.2899063E-04   0.000000       0.000000                NaN   0.000000       0.000000       0.000000       0.000000       0.000000       0.000000       0.000000       0.000000       0.000000       0.000000       0.000000       0.000000       0.000000       0.000000       0.000000       0.000000
  2053.150       1.000000      -2053470.      -890919.9       52.24207       566.2274       243.7000       5.643826      0.6042548E-03  0.2910419E-04   0.000000       0.000000                NaN   0.000000       0.000000       0.000000       0.000000       0.000000       0.000000       0.000000       0.000000       0.000000       0.000000       0.000000       0.000000       0.000000       0.000000       0.000000       0.000000
  2063.150       1.000000      -2059138.      -888482.9       52.13236       567.4115       243.7000       5.649873      0.6049018E-03  0.2921843E-04   0.000000       0.000000                NaN   0.000000       0.000000       0.000000       0.000000       0.000000       0.000000       0.000000       0.000000       0.000000       0.000000       0.000000       0.000000       0.000000       0.000000       0.000000       0.000000
  2073.150       1.000000      -2064818.      -886045.9       52.02400       568.5898       243.7000       5.655928      0.6055495E-03  0.2933336E-04   0.000000       0.000000                NaN   0.000000       0.000000       0.000000       0.000000       0.000000       0.000000       0.000000       0.000000       0.000000       0.000000       0.000000       0.000000       0.000000       0.000000       0.000000       0.000000
  2083.150       1.000000      -2070510.      -883608.9       51.91698       569.7625       243.7000       5.661988      0.6061979E-03  0.2944898E-04   0.000000       0.000000                NaN   0.000000       0.000000       0.000000       0.000000       0.000000       0.000000       0.000000       0.000000       0.000000       0.000000       0.000000       0.000000       0.000000       0.000000       0.000000       0.000000
  2093.150       1.000000      -2076213.      -881171.9       51.81128       570.9295       243.7000       5.668055      0.6068469E-03  0.2956530E-04   0.000000       0.000000                NaN   0.000000       0.000000       0.000000       0.000000       0.000000       0.000000       0.000000       0.000000       0.000000       0.000000       0.000000       0.000000       0.000000       0.000000       0.000000       0.000000
  2103.150       1.000000      -2081928.      -878734.9       51.70687       572.0910       243.7000       5.674129      0.6074967E-03  0.2968233E-04   0.000000       0.000000                NaN   0.000000       0.000000       0.000000       0.000000       0.000000       0.000000       0.000000       0.000000       0.000000       0.000000       0.000000       0.000000       0.000000       0.000000       0.000000       0.000000
  2113.150       1.000000      -2087655.      -876297.9       51.60373       573.2470       243.7000       5.680209      0.6081471E-03  0.2980007E-04   0.000000       0.000000                NaN   0.000000       0.000000       0.000000       0.000000       0.000000       0.000000       0.000000       0.000000       0.000000       0.000000       0.000000       0.000000       0.000000       0.000000       0.000000       0.000000
  2123.150       1.000000      -2093393.      -873860.9       51.50185       574.3976       243.7000       5.686296      0.6087983E-03  0.2991852E-04   0.000000       0.000000                NaN   0.000000       0.000000       0.000000       0.000000       0.000000       0.000000       0.000000       0.000000       0.000000       0.000000       0.000000       0.000000       0.000000       0.000000       0.000000       0.000000
  2133.150       1.000000      -2099143.      -871423.9       51.40121       575.5427       243.7000       5.692389      0.6094501E-03  0.3003770E-04   0.000000       0.000000                NaN   0.000000       0.000000       0.000000       0.000000       0.000000       0.000000       0.000000       0.000000       0.000000       0.000000       0.000000       0.000000       0.000000       0.000000       0.000000       0.000000
  2143.150       1.000000      -2104904.      -868986.9       51.30178       576.6825       243.7000       5.698489      0.6101026E-03  0.3015761E-04   0.000000       0.000000                NaN   0.000000       0.000000       0.000000       0.000000       0.000000       0.000000       0.000000       0.000000       0.000000       0.000000       0.000000       0.000000       0.000000       0.000000       0.000000       0.000000
  2153.150       1.000000      -2110676.      -866549.9       51.20356       577.8169       243.7000       5.704595      0.6107559E-03  0.3027825E-04   0.000000       0.000000                NaN   0.000000       0.000000       0.000000       0.000000       0.000000       0.000000       0.000000       0.000000       0.000000       0.000000       0.000000       0.000000       0.000000       0.000000       0.000000       0.000000
  2163.150       1.000000      -2116460.      -864112.9       51.10651       578.9462       243.7000       5.710708      0.6114098E-03  0.3039964E-04   0.000000       0.000000                NaN   0.000000       0.000000       0.000000       0.000000       0.000000       0.000000       0.000000       0.000000       0.000000       0.000000       0.000000       0.000000       0.000000       0.000000       0.000000       0.000000
  2173.150       1.000000      -2122255.      -861675.9       51.01063       580.0702       243.7000       5.716827      0.6120644E-03  0.3052177E-04   0.000000       0.000000                NaN   0.000000       0.000000       0.000000       0.000000       0.000000       0.000000       0.000000       0.000000       0.000000       0.000000       0.000000       0.000000       0.000000       0.000000       0.000000       0.000000
  2183.150       1.000000      -2128062.      -859238.9       50.91589       581.1890       243.7000       5.722953      0.6127197E-03  0.3064466E-04   0.000000       0.000000                NaN   0.000000       0.000000       0.000000       0.000000       0.000000       0.000000       0.000000       0.000000       0.000000       0.000000       0.000000       0.000000       0.000000       0.000000       0.000000       0.000000
  2193.150       1.000000      -2133879.      -856801.9       50.82229       582.3027       243.7000       5.729086      0.6133757E-03  0.3076832E-04   0.000000       0.000000                NaN   0.000000       0.000000       0.000000       0.000000       0.000000       0.000000       0.000000       0.000000       0.000000       0.000000       0.000000       0.000000       0.000000       0.000000       0.000000       0.000000
  2203.150       1.000000      -2139708.      -854364.9       50.72980       583.4114       243.7000       5.735225      0.6140324E-03  0.3089274E-04   0.000000       0.000000                NaN   0.000000       0.000000       0.000000       0.000000       0.000000       0.000000       0.000000       0.000000       0.000000       0.000000       0.000000       0.000000       0.000000       0.000000       0.000000       0.000000
  2213.150       1.000000      -2145547.      -851927.9       50.63840       584.5150       243.7000       5.741370      0.6146898E-03  0.3101795E-04   0.000000       0.000000                NaN   0.000000       0.000000       0.000000       0.000000       0.000000       0.000000       0.000000       0.000000       0.000000       0.000000       0.000000       0.000000       0.000000       0.000000       0.000000       0.000000
  2223.150       1.000000      -2151398.      -849490.9       50.54809       585.6137       243.7000       5.747523      0.6153479E-03  0.3114393E-04   0.000000       0.000000                NaN   0.000000       0.000000       0.000000       0.000000       0.000000       0.000000       0.000000       0.000000       0.000000       0.000000       0.000000       0.000000       0.000000       0.000000       0.000000       0.000000
  2233.150       1.000000      -2157260.      -847053.9       50.45884       586.7074       243.7000       5.753681      0.6160067E-03  0.3127071E-04   0.000000       0.000000                NaN   0.000000       0.000000       0.000000       0.000000       0.000000       0.000000       0.000000       0.000000       0.000000       0.000000       0.000000       0.000000       0.000000       0.000000       0.000000       0.000000
  2243.150       1.000000      -2163132.      -844616.9       50.37064       587.7963       243.7000       5.759847      0.6166663E-03  0.3139828E-04   0.000000       0.000000                NaN   0.000000       0.000000       0.000000       0.000000       0.000000       0.000000       0.000000       0.000000       0.000000       0.000000       0.000000       0.000000       0.000000       0.000000       0.000000       0.000000
  2253.150       1.000000      -2169015.      -842179.9       50.28348       588.8803       243.7000       5.766019      0.6173265E-03  0.3152666E-04   0.000000       0.000000                NaN   0.000000       0.000000       0.000000       0.000000       0.000000       0.000000       0.000000       0.000000       0.000000       0.000000       0.000000       0.000000       0.000000       0.000000       0.000000       0.000000
  2263.150       1.000000      -2174910.      -839742.9       50.19733       589.9595       243.7000       5.772197      0.6179874E-03  0.3165585E-04   0.000000       0.000000                NaN   0.000000       0.000000       0.000000       0.000000       0.000000       0.000000       0.000000       0.000000       0.000000       0.000000       0.000000       0.000000       0.000000       0.000000       0.000000       0.000000
  2273.150       1.000000      -2180815.      -837305.9       50.11219       591.0339       243.7000       5.778383      0.6186490E-03  0.3178586E-04   0.000000       0.000000                NaN   0.000000       0.000000       0.000000       0.000000       0.000000       0.000000       0.000000       0.000000       0.000000       0.000000       0.000000       0.000000       0.000000       0.000000       0.000000       0.000000
