|6.6.6
fo_1373-2273-10
           2
 T(K)
   1373.15000000000
   10.0000000000000
          91
 P(bar)
   1.00000000000000
   1.00000000000000
           1
          29
      T(K)           P(bar)   g(J/mol)       h(J/mol)       log10[Keq]     s(J/mol/K)     cp(J/mol/K)    v(J/mol/bar)   alpha(1/K)     beta(1/bar)    N(g/mol)       rho(kg/m3)     Gruneisen_T    Ks(bar)        KsT(bar/K)     KsP            Gs(bar)        GsT(bar/K)     GsP            v0(km/s)       v0T(km/s/K)    v0P(km/s/bar)  vp(km/s)       vpT(km/s/K)    vpP(km/s/bar)  vs(km/s)       vsT(km/s/K)    vsP(km/s/bar)  cp/cv
  1373.150       1.000000      -2307279.      -1848469.       87.76774       334.1300       184.5752       4.546445      0.1940333E-03  0.4143488E-05   0.000000       0.000000                NaN   0.000000       0.000000       0.000000       0.000000       0.000000       0.000000       0.000000       0.000000       0.000000       0.000000       0.000000       0.000000       0.000000       0.000000       0.000000       0.000000
  1383.150       1.000000      -2310627.      -1846622.       87.25963       335.4700       184.7775       4.548388      0.1944831E-03  0.4152349E-05   0.000000       0.000000                NaN   0.000000       0.000000       0.000000       0.000000       0.000000       0.000000       0.000000       0.000000       0.000000       0.000000       0.000000       0.000000       0.000000       0.000000       0.000000       0.000000
  1393.150       1.000000      -2313989.      -1844773.       86.75931       336.8019       184.9777       4.550336      0.1949341E-03  0.4161248E-05   0.000000       0.000000                NaN   0.000000       0.000000       0.000000       0.000000       0.000000       0.000000       0.000000       0.000000       0.000000       0.000000       0.000000       0.000000       0.000000       0.000000       0.000000       0.000000
  1403.150       1.000000      -2317363.      -1842922.       86.26661       338.1256       185.1759       4.552289      0.1953864E-03  0.4170186E-05   0.000000       0.000000                NaN   0.000000       0.000000       0.000000       0.000000       0.000000       0.000000       0.000000       0.000000       0.000000       0.000000       0.000000       0.000000       0.000000       0.000000       0.000000       0.000000
  1413.150       1.000000      -2320751.      -1841070.       85.78138       339.4413       185.3721       4.554246      0.1958400E-03  0.4179164E-05   0.000000       0.000000                NaN   0.000000       0.000000       0.000000       0.000000       0.000000       0.000000       0.000000       0.000000       0.000000       0.000000       0.000000       0.000000       0.000000       0.000000       0.000000       0.000000
  1423.150       1.000000      -2324152.      -1839215.       85.30345       340.7492       185.5663       4.556207      0.1962948E-03  0.4188180E-05   0.000000       0.000000                NaN   0.000000       0.000000       0.000000       0.000000       0.000000       0.000000       0.000000       0.000000       0.000000       0.000000       0.000000       0.000000       0.000000       0.000000       0.000000       0.000000
  1433.150       1.000000      -2327566.      -1837358.       84.83266       342.0492       185.7586       4.558174      0.1967510E-03  0.4197237E-05   0.000000       0.000000                NaN   0.000000       0.000000       0.000000       0.000000       0.000000       0.000000       0.000000       0.000000       0.000000       0.000000       0.000000       0.000000       0.000000       0.000000       0.000000       0.000000
  1443.150       1.000000      -2330993.      -1835500.       84.36887       343.3415       185.9490       4.560144      0.1972085E-03  0.4206333E-05   0.000000       0.000000                NaN   0.000000       0.000000       0.000000       0.000000       0.000000       0.000000       0.000000       0.000000       0.000000       0.000000       0.000000       0.000000       0.000000       0.000000       0.000000       0.000000
  1453.150       1.000000      -2334433.      -1833639.       83.91192       344.6262       186.1376       4.562120      0.1976674E-03  0.4215470E-05   0.000000       0.000000                NaN   0.000000       0.000000       0.000000       0.000000       0.000000       0.000000       0.000000       0.000000       0.000000       0.000000       0.000000       0.000000       0.000000       0.000000       0.000000       0.000000
  1463.150       1.000000      -2337885.      -1831777.       83.46168       345.9034       186.3243       4.564099      0.1981278E-03  0.4224647E-05   0.000000       0.000000                NaN   0.000000       0.000000       0.000000       0.000000       0.000000       0.000000       0.000000       0.000000       0.000000       0.000000       0.000000       0.000000       0.000000       0.000000       0.000000       0.000000
  1473.150       1.000000      -2341351.      -1829913.       83.01800       347.1731       186.5093       4.566084      0.1985895E-03  0.4233864E-05   0.000000       0.000000                NaN   0.000000       0.000000       0.000000       0.000000       0.000000       0.000000       0.000000       0.000000       0.000000       0.000000       0.000000       0.000000       0.000000       0.000000       0.000000       0.000000
  1483.150       1.000000      -2344829.      -1828047.       82.58075       348.4355       186.6924       4.568073      0.1990527E-03  0.4243122E-05   0.000000       0.000000                NaN   0.000000       0.000000       0.000000       0.000000       0.000000       0.000000       0.000000       0.000000       0.000000       0.000000       0.000000       0.000000       0.000000       0.000000       0.000000       0.000000
  1493.150       1.000000      -2348320.      -1826179.       82.14980       349.6907       186.8739       4.570067      0.1995174E-03  0.4252422E-05   0.000000       0.000000                NaN   0.000000       0.000000       0.000000       0.000000       0.000000       0.000000       0.000000       0.000000       0.000000       0.000000       0.000000       0.000000       0.000000       0.000000       0.000000       0.000000
  1503.150       1.000000      -2351823.      -1824309.       81.72501       350.9386       187.0536       4.572065      0.1999836E-03  0.4261762E-05   0.000000       0.000000                NaN   0.000000       0.000000       0.000000       0.000000       0.000000       0.000000       0.000000       0.000000       0.000000       0.000000       0.000000       0.000000       0.000000       0.000000       0.000000       0.000000
  1513.150       1.000000      -2355338.      -1822438.       81.30627       352.1795       187.2317       4.574068      0.2004513E-03  0.4271144E-05   0.000000       0.000000                NaN   0.000000       0.000000       0.000000       0.000000       0.000000       0.000000       0.000000       0.000000       0.000000       0.000000       0.000000       0.000000       0.000000       0.000000       0.000000       0.000000
  1523.150       1.000000      -2358866.      -1820565.       80.89346       353.4134       187.4082       4.576076      0.2009206E-03  0.4280568E-05   0.000000       0.000000                NaN   0.000000       0.000000       0.000000       0.000000       0.000000       0.000000       0.000000       0.000000       0.000000       0.000000       0.000000       0.000000       0.000000       0.000000       0.000000       0.000000
  1533.150       1.000000      -2362407.      -1818690.       80.48644       354.6404       187.5830       4.578088      0.2013914E-03  0.4290034E-05   0.000000       0.000000                NaN   0.000000       0.000000       0.000000       0.000000       0.000000       0.000000       0.000000       0.000000       0.000000       0.000000       0.000000       0.000000       0.000000       0.000000       0.000000       0.000000
  1543.150       1.000000      -2365959.      -1816813.       80.08512       355.8605       187.7562       4.580106      0.2018638E-03  0.4299543E-05   0.000000       0.000000                NaN   0.000000       0.000000       0.000000       0.000000       0.000000       0.000000       0.000000       0.000000       0.000000       0.000000       0.000000       0.000000       0.000000       0.000000       0.000000       0.000000
  1553.150       1.000000      -2369524.      -1814935.       79.68937       357.0738       187.9279       4.582128      0.2023378E-03  0.4309094E-05   0.000000       0.000000                NaN   0.000000       0.000000       0.000000       0.000000       0.000000       0.000000       0.000000       0.000000       0.000000       0.000000       0.000000       0.000000       0.000000       0.000000       0.000000       0.000000
  1563.150       1.000000      -2373101.      -1813054.       79.29909       358.2804       188.0980       4.584154      0.2028135E-03  0.4318687E-05   0.000000       0.000000                NaN   0.000000       0.000000       0.000000       0.000000       0.000000       0.000000       0.000000       0.000000       0.000000       0.000000       0.000000       0.000000       0.000000       0.000000       0.000000       0.000000
  1573.150       1.000000      -2376689.      -1811173.       78.91418       359.4805       188.2666       4.586186      0.2032908E-03  0.4328324E-05   0.000000       0.000000                NaN   0.000000       0.000000       0.000000       0.000000       0.000000       0.000000       0.000000       0.000000       0.000000       0.000000       0.000000       0.000000       0.000000       0.000000       0.000000       0.000000
  1583.150       1.000000      -2380290.      -1809289.       78.53451       360.6740       188.4337       4.588222      0.2037699E-03  0.4338005E-05   0.000000       0.000000                NaN   0.000000       0.000000       0.000000       0.000000       0.000000       0.000000       0.000000       0.000000       0.000000       0.000000       0.000000       0.000000       0.000000       0.000000       0.000000       0.000000
  1593.150       1.000000      -2383903.      -1807404.       78.16001       361.8610       188.5994       4.590263      0.2042506E-03  0.4347728E-05   0.000000       0.000000                NaN   0.000000       0.000000       0.000000       0.000000       0.000000       0.000000       0.000000       0.000000       0.000000       0.000000       0.000000       0.000000       0.000000       0.000000       0.000000       0.000000
  1603.150       1.000000      -2387527.      -1805517.       77.79057       363.0416       188.7636       4.592309      0.2047330E-03  0.4357496E-05   0.000000       0.000000                NaN   0.000000       0.000000       0.000000       0.000000       0.000000       0.000000       0.000000       0.000000       0.000000       0.000000       0.000000       0.000000       0.000000       0.000000       0.000000       0.000000
  1613.150       1.000000      -2391164.      -1803629.       77.42608       364.2159       188.9264       4.594359      0.2052172E-03  0.4367308E-05   0.000000       0.000000                NaN   0.000000       0.000000       0.000000       0.000000       0.000000       0.000000       0.000000       0.000000       0.000000       0.000000       0.000000       0.000000       0.000000       0.000000       0.000000       0.000000
  1623.150       1.000000      -2394812.      -1801739.       77.06646       365.3840       189.0878       4.596415      0.2057032E-03  0.4377165E-05   0.000000       0.000000                NaN   0.000000       0.000000       0.000000       0.000000       0.000000       0.000000       0.000000       0.000000       0.000000       0.000000       0.000000       0.000000       0.000000       0.000000       0.000000       0.000000
  1633.150       1.000000      -2398471.      -1799847.       76.71162       366.5458       189.2479       4.598475      0.2061910E-03  0.4387066E-05   0.000000       0.000000                NaN   0.000000       0.000000       0.000000       0.000000       0.000000       0.000000       0.000000       0.000000       0.000000       0.000000       0.000000       0.000000       0.000000       0.000000       0.000000       0.000000
  1643.150       1.000000      -2402143.      -1797954.       76.36147       367.7016       189.4066       4.600541      0.2066805E-03  0.4397012E-05   0.000000       0.000000                NaN   0.000000       0.000000       0.000000       0.000000       0.000000       0.000000       0.000000       0.000000       0.000000       0.000000       0.000000       0.000000       0.000000       0.000000       0.000000       0.000000
  1653.150       1.000000      -2405825.      -1796059.       76.01592       368.8513       189.5639       4.602611      0.2071719E-03  0.4407003E-05   0.000000       0.000000                NaN   0.000000       0.000000       0.000000       0.000000       0.000000       0.000000       0.000000       0.000000       0.000000       0.000000       0.000000       0.000000       0.000000       0.000000       0.000000       0.000000
  1663.150       1.000000      -2409520.      -1794162.       75.67488       369.9950       189.7200       4.604686      0.2076652E-03  0.4417041E-05   0.000000       0.000000                NaN   0.000000       0.000000       0.000000       0.000000       0.000000       0.000000       0.000000       0.000000       0.000000       0.000000       0.000000       0.000000       0.000000       0.000000       0.000000       0.000000
  1673.150       1.000000      -2413225.      -1792264.       75.33828       371.1327       189.8747       4.606766      0.2081603E-03  0.4427123E-05   0.000000       0.000000                NaN   0.000000       0.000000       0.000000       0.000000       0.000000       0.000000       0.000000       0.000000       0.000000       0.000000       0.000000       0.000000       0.000000       0.000000       0.000000       0.000000
  1683.150       1.000000      -2416942.      -1790365.       75.00603       372.2646       190.0282       4.608851      0.2086574E-03  0.4437253E-05   0.000000       0.000000                NaN   0.000000       0.000000       0.000000       0.000000       0.000000       0.000000       0.000000       0.000000       0.000000       0.000000       0.000000       0.000000       0.000000       0.000000       0.000000       0.000000
  1693.150       1.000000      -2420670.      -1788464.       74.67805       373.3908       190.1804       4.610941      0.2091563E-03  0.4447428E-05   0.000000       0.000000                NaN   0.000000       0.000000       0.000000       0.000000       0.000000       0.000000       0.000000       0.000000       0.000000       0.000000       0.000000       0.000000       0.000000       0.000000       0.000000       0.000000
  1703.150       1.000000      -2424410.      -1786561.       74.35427       374.5111       190.3314       4.613036      0.2096572E-03  0.4457651E-05   0.000000       0.000000                NaN   0.000000       0.000000       0.000000       0.000000       0.000000       0.000000       0.000000       0.000000       0.000000       0.000000       0.000000       0.000000       0.000000       0.000000       0.000000       0.000000
  1713.150       1.000000      -2428161.      -1784657.       74.03460       375.6258       190.4812       4.615136      0.2101600E-03  0.4467920E-05   0.000000       0.000000                NaN   0.000000       0.000000       0.000000       0.000000       0.000000       0.000000       0.000000       0.000000       0.000000       0.000000       0.000000       0.000000       0.000000       0.000000       0.000000       0.000000
  1723.150       1.000000      -2431922.      -1782752.       73.71899       376.7349       190.6298       4.617241      0.2106648E-03  0.4478237E-05   0.000000       0.000000                NaN   0.000000       0.000000       0.000000       0.000000       0.000000       0.000000       0.000000       0.000000       0.000000       0.000000       0.000000       0.000000       0.000000       0.000000       0.000000       0.000000
  1733.150       1.000000      -2435695.      -1780845.       73.40735       377.8384       190.7772       4.619351      0.2111716E-03  0.4488602E-05   0.000000       0.000000                NaN   0.000000       0.000000       0.000000       0.000000       0.000000       0.000000       0.000000       0.000000       0.000000       0.000000       0.000000       0.000000       0.000000       0.000000       0.000000       0.000000
  1743.150       1.000000      -2439479.      -1778936.       73.09962       378.9364       190.9234       4.621467      0.2116805E-03  0.4499015E-05   0.000000       0.000000                NaN   0.000000       0.000000       0.000000       0.000000       0.000000       0.000000       0.000000       0.000000       0.000000       0.000000       0.000000       0.000000       0.000000       0.000000       0.000000       0.000000
  1753.150       1.000000      -2443274.      -1777026.       72.79572       380.0290       191.0685       4.623587      0.2121914E-03  0.4509475E-05   0.000000       0.000000                NaN   0.000000       0.000000       0.000000       0.000000       0.000000       0.000000       0.000000       0.000000       0.000000       0.000000       0.000000       0.000000       0.000000       0.000000       0.000000       0.000000
  1763.150       1.000000      -2447080.      -1775115.       72.49559       381.1162       191.2125       4.625712      0.2127043E-03  0.4519985E-05   0.000000       0.000000                NaN   0.000000       0.000000       0.000000       0.000000       0.000000       0.000000       0.000000       0.000000       0.000000       0.000000       0.000000       0.000000       0.000000       0.000000       0.000000       0.000000
  1773.150       1.000000      -2450896.      -1773202.       72.19917       382.1980       191.3554       4.627843      0.2132193E-03  0.4530544E-05   0.000000       0.000000                NaN   0.000000       0.000000       0.000000       0.000000       0.000000       0.000000       0.000000       0.000000       0.000000       0.000000       0.000000       0.000000       0.000000       0.000000       0.000000       0.000000
  1783.150       1.000000      -2454724.      -1771288.       71.90639       383.2746       191.4972       4.629979      0.2137364E-03  0.4541152E-05   0.000000       0.000000                NaN   0.000000       0.000000       0.000000       0.000000       0.000000       0.000000       0.000000       0.000000       0.000000       0.000000       0.000000       0.000000       0.000000       0.000000       0.000000       0.000000
  1793.150       1.000000      -2458562.      -1769372.       71.61719       384.3459       191.6378       4.632120      0.2142557E-03  0.4551809E-05   0.000000       0.000000                NaN   0.000000       0.000000       0.000000       0.000000       0.000000       0.000000       0.000000       0.000000       0.000000       0.000000       0.000000       0.000000       0.000000       0.000000       0.000000       0.000000
  1803.150       1.000000      -2462411.      -1767455.       71.33150       385.4120       191.7775       4.634266      0.2147771E-03  0.4562517E-05   0.000000       0.000000                NaN   0.000000       0.000000       0.000000       0.000000       0.000000       0.000000       0.000000       0.000000       0.000000       0.000000       0.000000       0.000000       0.000000       0.000000       0.000000       0.000000
  1813.150       1.000000      -2466270.      -1765536.       71.04927       386.4730       191.9160       4.636417      0.2153006E-03  0.4573274E-05   0.000000       0.000000                NaN   0.000000       0.000000       0.000000       0.000000       0.000000       0.000000       0.000000       0.000000       0.000000       0.000000       0.000000       0.000000       0.000000       0.000000       0.000000       0.000000
  1823.150       1.000000      -2470140.      -1763617.       70.77044       387.5290       192.0536       4.638574      0.2158264E-03  0.4584083E-05   0.000000       0.000000                NaN   0.000000       0.000000       0.000000       0.000000       0.000000       0.000000       0.000000       0.000000       0.000000       0.000000       0.000000       0.000000       0.000000       0.000000       0.000000       0.000000
  1833.150       1.000000      -2474021.      -1761695.       70.49496       388.5799       192.1901       4.640736      0.2163543E-03  0.4594942E-05   0.000000       0.000000                NaN   0.000000       0.000000       0.000000       0.000000       0.000000       0.000000       0.000000       0.000000       0.000000       0.000000       0.000000       0.000000       0.000000       0.000000       0.000000       0.000000
  1843.150       1.000000      -2477912.      -1759773.       70.22276       389.6258       192.3256       4.642903      0.2168845E-03  0.4605853E-05   0.000000       0.000000                NaN   0.000000       0.000000       0.000000       0.000000       0.000000       0.000000       0.000000       0.000000       0.000000       0.000000       0.000000       0.000000       0.000000       0.000000       0.000000       0.000000
  1853.150       1.000000      -2481813.      -1757849.       69.95379       390.6668       192.4601       4.645075      0.2174169E-03  0.4616815E-05   0.000000       0.000000                NaN   0.000000       0.000000       0.000000       0.000000       0.000000       0.000000       0.000000       0.000000       0.000000       0.000000       0.000000       0.000000       0.000000       0.000000       0.000000       0.000000
  1863.150       1.000000      -2485725.      -1755924.       69.68800       391.7029       192.5936       4.647253      0.2179516E-03  0.4627830E-05   0.000000       0.000000                NaN   0.000000       0.000000       0.000000       0.000000       0.000000       0.000000       0.000000       0.000000       0.000000       0.000000       0.000000       0.000000       0.000000       0.000000       0.000000       0.000000
  1873.150       1.000000      -2489647.      -1753997.       69.42533       392.7342       192.7262       4.649436      0.2184886E-03  0.4638897E-05   0.000000       0.000000                NaN   0.000000       0.000000       0.000000       0.000000       0.000000       0.000000       0.000000       0.000000       0.000000       0.000000       0.000000       0.000000       0.000000       0.000000       0.000000       0.000000
  1883.150       1.000000      -2493580.      -1752069.       69.16575       393.7607       192.8578       4.651625      0.2190278E-03  0.4650016E-05   0.000000       0.000000                NaN   0.000000       0.000000       0.000000       0.000000       0.000000       0.000000       0.000000       0.000000       0.000000       0.000000       0.000000       0.000000       0.000000       0.000000       0.000000       0.000000
  1893.150       1.000000      -2497522.      -1750140.       68.90918       394.7825       192.9885       4.653819      0.2195695E-03  0.4661189E-05   0.000000       0.000000                NaN   0.000000       0.000000       0.000000       0.000000       0.000000       0.000000       0.000000       0.000000       0.000000       0.000000       0.000000       0.000000       0.000000       0.000000       0.000000       0.000000
  1903.150       1.000000      -2501475.      -1748209.       68.65559       395.7996       193.1183       4.656018      0.2201134E-03  0.4672415E-05   0.000000       0.000000                NaN   0.000000       0.000000       0.000000       0.000000       0.000000       0.000000       0.000000       0.000000       0.000000       0.000000       0.000000       0.000000       0.000000       0.000000       0.000000       0.000000
  1913.150       1.000000      -2505438.      -1746277.       68.40493       396.8120       193.2471       4.658223      0.2206598E-03  0.4683695E-05   0.000000       0.000000                NaN   0.000000       0.000000       0.000000       0.000000       0.000000       0.000000       0.000000       0.000000       0.000000       0.000000       0.000000       0.000000       0.000000       0.000000       0.000000       0.000000
  1923.150       1.000000      -2509411.      -1744344.       68.15716       397.8198       193.3750       4.660434      0.2212085E-03  0.4695029E-05   0.000000       0.000000                NaN   0.000000       0.000000       0.000000       0.000000       0.000000       0.000000       0.000000       0.000000       0.000000       0.000000       0.000000       0.000000       0.000000       0.000000       0.000000       0.000000
  1933.150       1.000000      -2513395.      -1742410.       67.91221       398.8230       193.5021       4.662650      0.2217596E-03  0.4706418E-05   0.000000       0.000000                NaN   0.000000       0.000000       0.000000       0.000000       0.000000       0.000000       0.000000       0.000000       0.000000       0.000000       0.000000       0.000000       0.000000       0.000000       0.000000       0.000000
  1943.150       1.000000      -2517388.      -1740474.       67.67006       399.8217       193.6282       4.664871      0.2223132E-03  0.4717861E-05   0.000000       0.000000                NaN   0.000000       0.000000       0.000000       0.000000       0.000000       0.000000       0.000000       0.000000       0.000000       0.000000       0.000000       0.000000       0.000000       0.000000       0.000000       0.000000
  1953.150       1.000000      -2521391.      -1738537.       67.43065       400.8159       193.7535       4.667098      0.2228693E-03  0.4729360E-05   0.000000       0.000000                NaN   0.000000       0.000000       0.000000       0.000000       0.000000       0.000000       0.000000       0.000000       0.000000       0.000000       0.000000       0.000000       0.000000       0.000000       0.000000       0.000000
  1963.150       1.000000      -2525404.      -1736599.       67.19395       401.8057       193.8780       4.669330      0.2234278E-03  0.4740915E-05   0.000000       0.000000                NaN   0.000000       0.000000       0.000000       0.000000       0.000000       0.000000       0.000000       0.000000       0.000000       0.000000       0.000000       0.000000       0.000000       0.000000       0.000000       0.000000
  1973.150       1.000000      -2529427.      -1734660.       66.95990       402.7911       194.0015       4.671568      0.2239888E-03  0.4752526E-05   0.000000       0.000000                NaN   0.000000       0.000000       0.000000       0.000000       0.000000       0.000000       0.000000       0.000000       0.000000       0.000000       0.000000       0.000000       0.000000       0.000000       0.000000       0.000000
  1983.150       1.000000      -2533460.      -1732719.       66.72848       403.7722       194.1243       4.673812      0.2245524E-03  0.4764193E-05   0.000000       0.000000                NaN   0.000000       0.000000       0.000000       0.000000       0.000000       0.000000       0.000000       0.000000       0.000000       0.000000       0.000000       0.000000       0.000000       0.000000       0.000000       0.000000
  1993.150       1.000000      -2537503.      -1730777.       66.49963       404.7489       194.2462       4.676062      0.2251185E-03  0.4775918E-05   0.000000       0.000000                NaN   0.000000       0.000000       0.000000       0.000000       0.000000       0.000000       0.000000       0.000000       0.000000       0.000000       0.000000       0.000000       0.000000       0.000000       0.000000       0.000000
  2003.150       1.000000      -2541555.      -1728834.       66.27333       405.7213       194.3674       4.678317      0.2256872E-03  0.4787699E-05   0.000000       0.000000                NaN   0.000000       0.000000       0.000000       0.000000       0.000000       0.000000       0.000000       0.000000       0.000000       0.000000       0.000000       0.000000       0.000000       0.000000       0.000000       0.000000
  2013.150       1.000000      -2545617.      -1726890.       66.04952       406.6895       194.4877       4.680577      0.2262584E-03  0.4799539E-05   0.000000       0.000000                NaN   0.000000       0.000000       0.000000       0.000000       0.000000       0.000000       0.000000       0.000000       0.000000       0.000000       0.000000       0.000000       0.000000       0.000000       0.000000       0.000000
  2023.150       1.000000      -2549689.      -1724945.       65.82818       407.6535       194.6072       4.682844      0.2268323E-03  0.4811436E-05   0.000000       0.000000                NaN   0.000000       0.000000       0.000000       0.000000       0.000000       0.000000       0.000000       0.000000       0.000000       0.000000       0.000000       0.000000       0.000000       0.000000       0.000000       0.000000
  2033.150       1.000000      -2553770.      -1722998.       65.60926       408.6133       194.7259       4.685116      0.2274088E-03  0.4823393E-05   0.000000       0.000000                NaN   0.000000       0.000000       0.000000       0.000000       0.000000       0.000000       0.000000       0.000000       0.000000       0.000000       0.000000       0.000000       0.000000       0.000000       0.000000       0.000000
  2043.150       1.000000      -2557861.      -1721050.       65.39272       409.5690       194.8439       4.687394      0.2279880E-03  0.4835408E-05   0.000000       0.000000                NaN   0.000000       0.000000       0.000000       0.000000       0.000000       0.000000       0.000000       0.000000       0.000000       0.000000       0.000000       0.000000       0.000000       0.000000       0.000000       0.000000
  2053.150       1.000000      -2561961.      -1719101.       65.17854       410.5206       194.9611       4.689678      0.2285698E-03  0.4847482E-05   0.000000       0.000000                NaN   0.000000       0.000000       0.000000       0.000000       0.000000       0.000000       0.000000       0.000000       0.000000       0.000000       0.000000       0.000000       0.000000       0.000000       0.000000       0.000000
  2063.150       1.000000      -2566071.      -1717151.       64.96668       411.4682       195.0775       4.691968      0.2291544E-03  0.4859617E-05   0.000000       0.000000                NaN   0.000000       0.000000       0.000000       0.000000       0.000000       0.000000       0.000000       0.000000       0.000000       0.000000       0.000000       0.000000       0.000000       0.000000       0.000000       0.000000
  2073.150       1.000000      -2570191.      -1715199.       64.75710       412.4117       195.1933       4.694263      0.2297417E-03  0.4871811E-05   0.000000       0.000000                NaN   0.000000       0.000000       0.000000       0.000000       0.000000       0.000000       0.000000       0.000000       0.000000       0.000000       0.000000       0.000000       0.000000       0.000000       0.000000       0.000000
  2083.150       1.000000      -2574320.      -1713247.       64.54976       413.3513       195.3082       4.696565      0.2303317E-03  0.4884067E-05   0.000000       0.000000                NaN   0.000000       0.000000       0.000000       0.000000       0.000000       0.000000       0.000000       0.000000       0.000000       0.000000       0.000000       0.000000       0.000000       0.000000       0.000000       0.000000
  2093.150       1.000000      -2578458.      -1711293.       64.34465       414.2868       195.4225       4.698872      0.2309245E-03  0.4896383E-05   0.000000       0.000000                NaN   0.000000       0.000000       0.000000       0.000000       0.000000       0.000000       0.000000       0.000000       0.000000       0.000000       0.000000       0.000000       0.000000       0.000000       0.000000       0.000000
  2103.150       1.000000      -2582605.      -1709339.       64.14171       415.2185       195.5360       4.701185      0.2315201E-03  0.4908761E-05   0.000000       0.000000                NaN   0.000000       0.000000       0.000000       0.000000       0.000000       0.000000       0.000000       0.000000       0.000000       0.000000       0.000000       0.000000       0.000000       0.000000       0.000000       0.000000
  2113.150       1.000000      -2586762.      -1707383.       63.94093       416.1463       195.6488       4.703505      0.2321185E-03  0.4921201E-05   0.000000       0.000000                NaN   0.000000       0.000000       0.000000       0.000000       0.000000       0.000000       0.000000       0.000000       0.000000       0.000000       0.000000       0.000000       0.000000       0.000000       0.000000       0.000000
  2123.150       1.000000      -2590928.      -1705426.       63.74226       417.0703       195.7609       4.705830      0.2327198E-03  0.4933704E-05   0.000000       0.000000                NaN   0.000000       0.000000       0.000000       0.000000       0.000000       0.000000       0.000000       0.000000       0.000000       0.000000       0.000000       0.000000       0.000000       0.000000       0.000000       0.000000
  2133.150       1.000000      -2595104.      -1703467.       63.54568       417.9904       195.8723       4.708161      0.2333239E-03  0.4946270E-05   0.000000       0.000000                NaN   0.000000       0.000000       0.000000       0.000000       0.000000       0.000000       0.000000       0.000000       0.000000       0.000000       0.000000       0.000000       0.000000       0.000000       0.000000       0.000000
  2143.150       1.000000      -2599288.      -1701508.       63.35116       418.9067       195.9830       4.710499      0.2339309E-03  0.4958899E-05   0.000000       0.000000                NaN   0.000000       0.000000       0.000000       0.000000       0.000000       0.000000       0.000000       0.000000       0.000000       0.000000       0.000000       0.000000       0.000000       0.000000       0.000000       0.000000
  2153.150       1.000000      -2603482.      -1699548.       63.15867       419.8193       196.0931       4.712842      0.2345409E-03  0.4971592E-05   0.000000       0.000000                NaN   0.000000       0.000000       0.000000       0.000000       0.000000       0.000000       0.000000       0.000000       0.000000       0.000000       0.000000       0.000000       0.000000       0.000000       0.000000       0.000000
  2163.150       1.000000      -2607684.      -1697586.       62.96818       420.7282       196.2025       4.715192      0.2351537E-03  0.4984349E-05   0.000000       0.000000                NaN   0.000000       0.000000       0.000000       0.000000       0.000000       0.000000       0.000000       0.000000       0.000000       0.000000       0.000000       0.000000       0.000000       0.000000       0.000000       0.000000
  2173.150       1.000000      -2611896.      -1695624.       62.77966       421.6334       196.3112       4.717547      0.2357696E-03  0.4997171E-05   0.000000       0.000000                NaN   0.000000       0.000000       0.000000       0.000000       0.000000       0.000000       0.000000       0.000000       0.000000       0.000000       0.000000       0.000000       0.000000       0.000000       0.000000       0.000000
  2183.150       1.000000      -2616117.      -1693660.       62.59308       422.5349       196.4193       4.719909      0.2363884E-03  0.5010059E-05   0.000000       0.000000                NaN   0.000000       0.000000       0.000000       0.000000       0.000000       0.000000       0.000000       0.000000       0.000000       0.000000       0.000000       0.000000       0.000000       0.000000       0.000000       0.000000
  2193.150       1.000000      -2620347.      -1691695.       62.40842       423.4328       196.5267       4.722277      0.2370103E-03  0.5023012E-05   0.000000       0.000000                NaN   0.000000       0.000000       0.000000       0.000000       0.000000       0.000000       0.000000       0.000000       0.000000       0.000000       0.000000       0.000000       0.000000       0.000000       0.000000       0.000000
  2203.150       1.000000      -2624586.      -1689729.       62.22565       424.3271       196.6335       4.724652      0.2376352E-03  0.5036032E-05   0.000000       0.000000                NaN   0.000000       0.000000       0.000000       0.000000       0.000000       0.000000       0.000000       0.000000       0.000000       0.000000       0.000000       0.000000       0.000000       0.000000       0.000000       0.000000
  2213.150       1.000000      -2628833.      -1687763.       62.04474       425.2178       196.7396       4.727032      0.2382631E-03  0.5049119E-05   0.000000       0.000000                NaN   0.000000       0.000000       0.000000       0.000000       0.000000       0.000000       0.000000       0.000000       0.000000       0.000000       0.000000       0.000000       0.000000       0.000000       0.000000       0.000000
  2223.150       1.000000      -2633090.      -1685795.       61.86567       426.1050       196.8452       4.729419      0.2388942E-03  0.5062272E-05   0.000000       0.000000                NaN   0.000000       0.000000       0.000000       0.000000       0.000000       0.000000       0.000000       0.000000       0.000000       0.000000       0.000000       0.000000       0.000000       0.000000       0.000000       0.000000
  2233.150       1.000000      -2637356.      -1683826.       61.68840       426.9887       196.9501       4.731812      0.2395283E-03  0.5075494E-05   0.000000       0.000000                NaN   0.000000       0.000000       0.000000       0.000000       0.000000       0.000000       0.000000       0.000000       0.000000       0.000000       0.000000       0.000000       0.000000       0.000000       0.000000       0.000000
  2243.150       1.000000      -2641630.      -1681856.       61.51293       427.8689       197.0544       4.734212      0.2401656E-03  0.5088784E-05   0.000000       0.000000                NaN   0.000000       0.000000       0.000000       0.000000       0.000000       0.000000       0.000000       0.000000       0.000000       0.000000       0.000000       0.000000       0.000000       0.000000       0.000000       0.000000
  2253.150       1.000000      -2645913.      -1679885.       61.33921       428.7457       197.1581       4.736618      0.2408061E-03  0.5102143E-05   0.000000       0.000000                NaN   0.000000       0.000000       0.000000       0.000000       0.000000       0.000000       0.000000       0.000000       0.000000       0.000000       0.000000       0.000000       0.000000       0.000000       0.000000       0.000000
  2263.150       1.000000      -2650205.      -1677913.       61.16723       429.6190       197.2612       4.739030      0.2414498E-03  0.5115571E-05   0.000000       0.000000                NaN   0.000000       0.000000       0.000000       0.000000       0.000000       0.000000       0.000000       0.000000       0.000000       0.000000       0.000000       0.000000       0.000000       0.000000       0.000000       0.000000
  2273.150       1.000000      -2654505.      -1675939.       60.99697       430.4889       197.3637       4.741449      0.2420967E-03  0.5129070E-05   0.000000       0.000000                NaN   0.000000       0.000000       0.000000       0.000000       0.000000       0.000000       0.000000       0.000000       0.000000       0.000000       0.000000       0.000000       0.000000       0.000000       0.000000       0.000000
