|6.6.6
fa_1373-2273-10
           2
 T(K)
   1373.15000000000
   10.0000000000000
          91
 P(bar)
   1.00000000000000
   1.00000000000000
           1
          29
      T(K)           P(bar)   g(J/mol)       h(J/mol)       log10[Keq]     s(J/mol/K)     cp(J/mol/K)    v(J/mol/bar)   alpha(1/K)     beta(1/bar)    N(g/mol)       rho(kg/m3)     Gruneisen_T    Ks(bar)        KsT(bar/K)     KsP            Gs(bar)        GsT(bar/K)     GsP            v0(km/s)       v0T(km/s/K)    v0P(km/s/bar)  vp(km/s)       vpT(km/s/K)    vpP(km/s/bar)  vs(km/s)       vsT(km/s/K)    vsP(km/s/bar)  cp/cv
  1373.150       1.000000      -1706086.      -1142368.       64.89866       410.5295       199.5451       4.803697      0.1830777E-03  0.4549716E-05   0.000000       0.000000                NaN   0.000000       0.000000       0.000000       0.000000       0.000000       0.000000       0.000000       0.000000       0.000000       0.000000       0.000000       0.000000       0.000000       0.000000       0.000000       0.000000
  1383.150       1.000000      -1710199.      -1140371.       64.58476       411.9784       199.8214       4.805531      0.1835040E-03  0.4559891E-05   0.000000       0.000000                NaN   0.000000       0.000000       0.000000       0.000000       0.000000       0.000000       0.000000       0.000000       0.000000       0.000000       0.000000       0.000000       0.000000       0.000000       0.000000       0.000000
  1393.150       1.000000      -1714326.      -1138371.       64.27590       413.4189       200.0964       4.807369      0.1839318E-03  0.4570111E-05   0.000000       0.000000                NaN   0.000000       0.000000       0.000000       0.000000       0.000000       0.000000       0.000000       0.000000       0.000000       0.000000       0.000000       0.000000       0.000000       0.000000       0.000000       0.000000
  1403.150       1.000000      -1718467.      -1136369.       63.97199       414.8510       200.3703       4.809212      0.1843612E-03  0.4580378E-05   0.000000       0.000000                NaN   0.000000       0.000000       0.000000       0.000000       0.000000       0.000000       0.000000       0.000000       0.000000       0.000000       0.000000       0.000000       0.000000       0.000000       0.000000       0.000000
  1413.150       1.000000      -1722623.      -1134364.       63.67290       416.2749       200.6428       4.811059      0.1847922E-03  0.4590690E-05   0.000000       0.000000                NaN   0.000000       0.000000       0.000000       0.000000       0.000000       0.000000       0.000000       0.000000       0.000000       0.000000       0.000000       0.000000       0.000000       0.000000       0.000000       0.000000
  1423.150       1.000000      -1726793.      -1132356.       63.37854       417.6907       200.9142       4.812910      0.1852249E-03  0.4601050E-05   0.000000       0.000000                NaN   0.000000       0.000000       0.000000       0.000000       0.000000       0.000000       0.000000       0.000000       0.000000       0.000000       0.000000       0.000000       0.000000       0.000000       0.000000       0.000000
  1433.150       1.000000      -1730976.      -1130346.       63.08880       419.0985       201.1845       4.814765      0.1856591E-03  0.4611456E-05   0.000000       0.000000                NaN   0.000000       0.000000       0.000000       0.000000       0.000000       0.000000       0.000000       0.000000       0.000000       0.000000       0.000000       0.000000       0.000000       0.000000       0.000000       0.000000
  1443.150       1.000000      -1735174.      -1128332.       62.80358       420.4983       201.4535       4.816625      0.1860951E-03  0.4621910E-05   0.000000       0.000000                NaN   0.000000       0.000000       0.000000       0.000000       0.000000       0.000000       0.000000       0.000000       0.000000       0.000000       0.000000       0.000000       0.000000       0.000000       0.000000       0.000000
  1453.150       1.000000      -1739386.      -1126316.       62.52279       421.8903       201.7215       4.818489      0.1865326E-03  0.4632411E-05   0.000000       0.000000                NaN   0.000000       0.000000       0.000000       0.000000       0.000000       0.000000       0.000000       0.000000       0.000000       0.000000       0.000000       0.000000       0.000000       0.000000       0.000000       0.000000
  1463.150       1.000000      -1743612.      -1124298.       62.24634       423.2747       201.9883       4.820357      0.1869719E-03  0.4642960E-05   0.000000       0.000000                NaN   0.000000       0.000000       0.000000       0.000000       0.000000       0.000000       0.000000       0.000000       0.000000       0.000000       0.000000       0.000000       0.000000       0.000000       0.000000       0.000000
  1473.150       1.000000      -1747852.      -1122277.       61.97412       424.6514       202.2541       4.822230      0.1874129E-03  0.4653558E-05   0.000000       0.000000                NaN   0.000000       0.000000       0.000000       0.000000       0.000000       0.000000       0.000000       0.000000       0.000000       0.000000       0.000000       0.000000       0.000000       0.000000       0.000000       0.000000
  1483.150       1.000000      -1752105.      -1120253.       61.70606       426.0206       202.5188       4.824108      0.1878557E-03  0.4664204E-05   0.000000       0.000000                NaN   0.000000       0.000000       0.000000       0.000000       0.000000       0.000000       0.000000       0.000000       0.000000       0.000000       0.000000       0.000000       0.000000       0.000000       0.000000       0.000000
  1493.150       1.000000      -1756372.      -1118226.       61.44207       427.3823       202.7825       4.825990      0.1883002E-03  0.4674898E-05   0.000000       0.000000                NaN   0.000000       0.000000       0.000000       0.000000       0.000000       0.000000       0.000000       0.000000       0.000000       0.000000       0.000000       0.000000       0.000000       0.000000       0.000000       0.000000
  1503.150       1.000000      -1760653.      -1116197.       61.18207       428.7368       203.0451       4.827876      0.1887464E-03  0.4685642E-05   0.000000       0.000000                NaN   0.000000       0.000000       0.000000       0.000000       0.000000       0.000000       0.000000       0.000000       0.000000       0.000000       0.000000       0.000000       0.000000       0.000000       0.000000       0.000000
  1513.150       1.000000      -1764947.      -1114165.       60.92597       430.0840       203.3068       4.829766      0.1891945E-03  0.4696436E-05   0.000000       0.000000                NaN   0.000000       0.000000       0.000000       0.000000       0.000000       0.000000       0.000000       0.000000       0.000000       0.000000       0.000000       0.000000       0.000000       0.000000       0.000000       0.000000
  1523.150       1.000000      -1769255.      -1112131.       60.67369       431.4240       203.5674       4.831662      0.1896443E-03  0.4707279E-05   0.000000       0.000000                NaN   0.000000       0.000000       0.000000       0.000000       0.000000       0.000000       0.000000       0.000000       0.000000       0.000000       0.000000       0.000000       0.000000       0.000000       0.000000       0.000000
  1533.150       1.000000      -1773575.      -1110094.       60.42515       432.7570       203.8271       4.833561      0.1900960E-03  0.4718172E-05   0.000000       0.000000                NaN   0.000000       0.000000       0.000000       0.000000       0.000000       0.000000       0.000000       0.000000       0.000000       0.000000       0.000000       0.000000       0.000000       0.000000       0.000000       0.000000
  1543.150       1.000000      -1777910.      -1108054.       60.18029       434.0830       204.0859       4.835466      0.1905496E-03  0.4729116E-05   0.000000       0.000000                NaN   0.000000       0.000000       0.000000       0.000000       0.000000       0.000000       0.000000       0.000000       0.000000       0.000000       0.000000       0.000000       0.000000       0.000000       0.000000       0.000000
  1553.150       1.000000      -1782257.      -1106012.       59.93903       435.4021       204.3437       4.837374      0.1910049E-03  0.4740110E-05   0.000000       0.000000                NaN   0.000000       0.000000       0.000000       0.000000       0.000000       0.000000       0.000000       0.000000       0.000000       0.000000       0.000000       0.000000       0.000000       0.000000       0.000000       0.000000
  1563.150       1.000000      -1786618.      -1103968.       59.70129       436.7143       204.6006       4.839288      0.1914622E-03  0.4751156E-05   0.000000       0.000000                NaN   0.000000       0.000000       0.000000       0.000000       0.000000       0.000000       0.000000       0.000000       0.000000       0.000000       0.000000       0.000000       0.000000       0.000000       0.000000       0.000000
  1573.150       1.000000      -1790991.      -1101920.       59.46701       438.0199       204.8566       4.841206      0.1919214E-03  0.4762253E-05   0.000000       0.000000                NaN   0.000000       0.000000       0.000000       0.000000       0.000000       0.000000       0.000000       0.000000       0.000000       0.000000       0.000000       0.000000       0.000000       0.000000       0.000000       0.000000
  1583.150       1.000000      -1795378.      -1099871.       59.23612       439.3188       205.1117       4.843128      0.1923825E-03  0.4773402E-05   0.000000       0.000000                NaN   0.000000       0.000000       0.000000       0.000000       0.000000       0.000000       0.000000       0.000000       0.000000       0.000000       0.000000       0.000000       0.000000       0.000000       0.000000       0.000000
  1593.150       1.000000      -1799778.      -1097818.       59.00855       440.6111       205.3660       4.845056      0.1928455E-03  0.4784603E-05   0.000000       0.000000                NaN   0.000000       0.000000       0.000000       0.000000       0.000000       0.000000       0.000000       0.000000       0.000000       0.000000       0.000000       0.000000       0.000000       0.000000       0.000000       0.000000
  1603.150       1.000000      -1804190.      -1095763.       58.78424       441.8969       205.6194       4.846987      0.1933105E-03  0.4795857E-05   0.000000       0.000000                NaN   0.000000       0.000000       0.000000       0.000000       0.000000       0.000000       0.000000       0.000000       0.000000       0.000000       0.000000       0.000000       0.000000       0.000000       0.000000       0.000000
  1613.150       1.000000      -1808616.      -1093706.       58.56313       443.1763       205.8720       4.848924      0.1937775E-03  0.4807163E-05   0.000000       0.000000                NaN   0.000000       0.000000       0.000000       0.000000       0.000000       0.000000       0.000000       0.000000       0.000000       0.000000       0.000000       0.000000       0.000000       0.000000       0.000000       0.000000
  1623.150       1.000000      -1813054.      -1091646.       58.34515       444.4494       206.1237       4.850865      0.1942464E-03  0.4818523E-05   0.000000       0.000000                NaN   0.000000       0.000000       0.000000       0.000000       0.000000       0.000000       0.000000       0.000000       0.000000       0.000000       0.000000       0.000000       0.000000       0.000000       0.000000       0.000000
  1633.150       1.000000      -1817505.      -1089583.       58.13025       445.7161       206.3747       4.852811      0.1947174E-03  0.4829936E-05   0.000000       0.000000                NaN   0.000000       0.000000       0.000000       0.000000       0.000000       0.000000       0.000000       0.000000       0.000000       0.000000       0.000000       0.000000       0.000000       0.000000       0.000000       0.000000
  1643.150       1.000000      -1821968.      -1087518.       57.91836       446.9767       206.6248       4.854761      0.1951904E-03  0.4841404E-05   0.000000       0.000000                NaN   0.000000       0.000000       0.000000       0.000000       0.000000       0.000000       0.000000       0.000000       0.000000       0.000000       0.000000       0.000000       0.000000       0.000000       0.000000       0.000000
  1653.150       1.000000      -1826444.      -1085451.       57.70944       448.2311       206.8742       4.856717      0.1956654E-03  0.4852925E-05   0.000000       0.000000                NaN   0.000000       0.000000       0.000000       0.000000       0.000000       0.000000       0.000000       0.000000       0.000000       0.000000       0.000000       0.000000       0.000000       0.000000       0.000000       0.000000
  1663.150       1.000000      -1830933.      -1083381.       57.50342       449.4795       207.1228       4.858677      0.1961426E-03  0.4864502E-05   0.000000       0.000000                NaN   0.000000       0.000000       0.000000       0.000000       0.000000       0.000000       0.000000       0.000000       0.000000       0.000000       0.000000       0.000000       0.000000       0.000000       0.000000       0.000000
  1673.150       1.000000      -1835434.      -1081308.       57.30025       450.7219       207.3707       4.860642      0.1966218E-03  0.4876133E-05   0.000000       0.000000                NaN   0.000000       0.000000       0.000000       0.000000       0.000000       0.000000       0.000000       0.000000       0.000000       0.000000       0.000000       0.000000       0.000000       0.000000       0.000000       0.000000
  1683.150       1.000000      -1839947.      -1079233.       57.09989       451.9583       207.6178       4.862611      0.1971031E-03  0.4887820E-05   0.000000       0.000000                NaN   0.000000       0.000000       0.000000       0.000000       0.000000       0.000000       0.000000       0.000000       0.000000       0.000000       0.000000       0.000000       0.000000       0.000000       0.000000       0.000000
  1693.150       1.000000      -1844473.      -1077156.       56.90227       453.1889       207.8642       4.864586      0.1975865E-03  0.4899563E-05   0.000000       0.000000                NaN   0.000000       0.000000       0.000000       0.000000       0.000000       0.000000       0.000000       0.000000       0.000000       0.000000       0.000000       0.000000       0.000000       0.000000       0.000000       0.000000
  1703.150       1.000000      -1849011.      -1075076.       56.70734       454.4137       208.1099       4.866565      0.1980721E-03  0.4911362E-05   0.000000       0.000000                NaN   0.000000       0.000000       0.000000       0.000000       0.000000       0.000000       0.000000       0.000000       0.000000       0.000000       0.000000       0.000000       0.000000       0.000000       0.000000       0.000000
  1713.150       1.000000      -1853561.      -1072994.       56.51507       455.6328       208.3548       4.868550      0.1985598E-03  0.4923217E-05   0.000000       0.000000                NaN   0.000000       0.000000       0.000000       0.000000       0.000000       0.000000       0.000000       0.000000       0.000000       0.000000       0.000000       0.000000       0.000000       0.000000       0.000000       0.000000
  1723.150       1.000000      -1858123.      -1070909.       56.32539       456.8462       208.5991       4.870539      0.1990497E-03  0.4935130E-05   0.000000       0.000000                NaN   0.000000       0.000000       0.000000       0.000000       0.000000       0.000000       0.000000       0.000000       0.000000       0.000000       0.000000       0.000000       0.000000       0.000000       0.000000       0.000000
  1733.150       1.000000      -1862698.      -1068822.       56.13827       458.0539       208.8427       4.872533      0.1995418E-03  0.4947100E-05   0.000000       0.000000                NaN   0.000000       0.000000       0.000000       0.000000       0.000000       0.000000       0.000000       0.000000       0.000000       0.000000       0.000000       0.000000       0.000000       0.000000       0.000000       0.000000
  1743.150       1.000000      -1867285.      -1066732.       55.95366       459.2562       209.0857       4.874532      0.2000362E-03  0.4959128E-05   0.000000       0.000000                NaN   0.000000       0.000000       0.000000       0.000000       0.000000       0.000000       0.000000       0.000000       0.000000       0.000000       0.000000       0.000000       0.000000       0.000000       0.000000       0.000000
  1753.150       1.000000      -1871883.      -1064640.       55.77151       460.4529       209.3279       4.876536      0.2005327E-03  0.4971214E-05   0.000000       0.000000                NaN   0.000000       0.000000       0.000000       0.000000       0.000000       0.000000       0.000000       0.000000       0.000000       0.000000       0.000000       0.000000       0.000000       0.000000       0.000000       0.000000
  1763.150       1.000000      -1876494.      -1062546.       55.59178       461.6442       209.5695       4.878545      0.2010315E-03  0.4983359E-05   0.000000       0.000000                NaN   0.000000       0.000000       0.000000       0.000000       0.000000       0.000000       0.000000       0.000000       0.000000       0.000000       0.000000       0.000000       0.000000       0.000000       0.000000       0.000000
  1773.150       1.000000      -1881116.      -1060449.       55.41442       462.8301       209.8105       4.880558      0.2015327E-03  0.4995563E-05   0.000000       0.000000                NaN   0.000000       0.000000       0.000000       0.000000       0.000000       0.000000       0.000000       0.000000       0.000000       0.000000       0.000000       0.000000       0.000000       0.000000       0.000000       0.000000
  1783.150       1.000000      -1885750.      -1058349.       55.23941       464.0107       210.0509       4.882577      0.2020361E-03  0.5007826E-05   0.000000       0.000000                NaN   0.000000       0.000000       0.000000       0.000000       0.000000       0.000000       0.000000       0.000000       0.000000       0.000000       0.000000       0.000000       0.000000       0.000000       0.000000       0.000000
  1793.150       1.000000      -1890396.      -1056248.       55.06669       465.1861       210.2906       4.884601      0.2025418E-03  0.5020149E-05   0.000000       0.000000                NaN   0.000000       0.000000       0.000000       0.000000       0.000000       0.000000       0.000000       0.000000       0.000000       0.000000       0.000000       0.000000       0.000000       0.000000       0.000000       0.000000
  1803.150       1.000000      -1895054.      -1054144.       54.89622       466.3563       210.5297       4.886630      0.2030498E-03  0.5032533E-05   0.000000       0.000000                NaN   0.000000       0.000000       0.000000       0.000000       0.000000       0.000000       0.000000       0.000000       0.000000       0.000000       0.000000       0.000000       0.000000       0.000000       0.000000       0.000000
  1813.150       1.000000      -1899723.      -1052037.       54.72797       467.5213       210.7682       4.888665      0.2035602E-03  0.5044977E-05   0.000000       0.000000                NaN   0.000000       0.000000       0.000000       0.000000       0.000000       0.000000       0.000000       0.000000       0.000000       0.000000       0.000000       0.000000       0.000000       0.000000       0.000000       0.000000
  1823.150       1.000000      -1904404.      -1049928.       54.56190       468.6812       211.0062       4.890704      0.2040730E-03  0.5057483E-05   0.000000       0.000000                NaN   0.000000       0.000000       0.000000       0.000000       0.000000       0.000000       0.000000       0.000000       0.000000       0.000000       0.000000       0.000000       0.000000       0.000000       0.000000       0.000000
  1833.150       1.000000      -1909097.      -1047817.       54.39797       469.8360       211.2435       4.892748      0.2045882E-03  0.5070050E-05   0.000000       0.000000                NaN   0.000000       0.000000       0.000000       0.000000       0.000000       0.000000       0.000000       0.000000       0.000000       0.000000       0.000000       0.000000       0.000000       0.000000       0.000000       0.000000
  1843.150       1.000000      -1913801.      -1045703.       54.23615       470.9859       211.4803       4.894798      0.2051058E-03  0.5082679E-05   0.000000       0.000000                NaN   0.000000       0.000000       0.000000       0.000000       0.000000       0.000000       0.000000       0.000000       0.000000       0.000000       0.000000       0.000000       0.000000       0.000000       0.000000       0.000000
  1853.150       1.000000      -1918517.      -1043587.       54.07639       472.1308       211.7165       4.896853      0.2056258E-03  0.5095371E-05   0.000000       0.000000                NaN   0.000000       0.000000       0.000000       0.000000       0.000000       0.000000       0.000000       0.000000       0.000000       0.000000       0.000000       0.000000       0.000000       0.000000       0.000000       0.000000
  1863.150       1.000000      -1923244.      -1041469.       53.91867       473.2708       211.9521       4.898913      0.2061483E-03  0.5108126E-05   0.000000       0.000000                NaN   0.000000       0.000000       0.000000       0.000000       0.000000       0.000000       0.000000       0.000000       0.000000       0.000000       0.000000       0.000000       0.000000       0.000000       0.000000       0.000000
  1873.150       1.000000      -1927982.      -1039348.       53.76296       474.4060       212.1872       4.900978      0.2066733E-03  0.5120944E-05   0.000000       0.000000                NaN   0.000000       0.000000       0.000000       0.000000       0.000000       0.000000       0.000000       0.000000       0.000000       0.000000       0.000000       0.000000       0.000000       0.000000       0.000000       0.000000
  1883.150       1.000000      -1932732.      -1037225.       53.60921       475.5364       212.4218       4.903048      0.2072007E-03  0.5133827E-05   0.000000       0.000000                NaN   0.000000       0.000000       0.000000       0.000000       0.000000       0.000000       0.000000       0.000000       0.000000       0.000000       0.000000       0.000000       0.000000       0.000000       0.000000       0.000000
  1893.150       1.000000      -1937493.      -1035100.       53.45739       476.6621       212.6558       4.905124      0.2077307E-03  0.5146773E-05   0.000000       0.000000                NaN   0.000000       0.000000       0.000000       0.000000       0.000000       0.000000       0.000000       0.000000       0.000000       0.000000       0.000000       0.000000       0.000000       0.000000       0.000000       0.000000
  1903.150       1.000000      -1942265.      -1032972.       53.30748       477.7830       212.8893       4.907205      0.2082632E-03  0.5159785E-05   0.000000       0.000000                NaN   0.000000       0.000000       0.000000       0.000000       0.000000       0.000000       0.000000       0.000000       0.000000       0.000000       0.000000       0.000000       0.000000       0.000000       0.000000       0.000000
  1913.150       1.000000      -1947048.      -1030842.       53.15945       478.8993       213.1223       4.909292      0.2087983E-03  0.5172862E-05   0.000000       0.000000                NaN   0.000000       0.000000       0.000000       0.000000       0.000000       0.000000       0.000000       0.000000       0.000000       0.000000       0.000000       0.000000       0.000000       0.000000       0.000000       0.000000
  1923.150       1.000000      -1951843.      -1028710.       53.01325       480.0110       213.3548       4.911383      0.2093360E-03  0.5186005E-05   0.000000       0.000000                NaN   0.000000       0.000000       0.000000       0.000000       0.000000       0.000000       0.000000       0.000000       0.000000       0.000000       0.000000       0.000000       0.000000       0.000000       0.000000       0.000000
  1933.150       1.000000      -1956649.      -1026575.       52.86887       481.1181       213.5868       4.913481      0.2098762E-03  0.5199214E-05   0.000000       0.000000                NaN   0.000000       0.000000       0.000000       0.000000       0.000000       0.000000       0.000000       0.000000       0.000000       0.000000       0.000000       0.000000       0.000000       0.000000       0.000000       0.000000
  1943.150       1.000000      -1961465.      -1024438.       52.72627       482.2207       213.8182       4.915583      0.2104191E-03  0.5212490E-05   0.000000       0.000000                NaN   0.000000       0.000000       0.000000       0.000000       0.000000       0.000000       0.000000       0.000000       0.000000       0.000000       0.000000       0.000000       0.000000       0.000000       0.000000       0.000000
  1953.150       1.000000      -1966293.      -1022299.       52.58542       483.3189       214.0492       4.917691      0.2109647E-03  0.5225833E-05   0.000000       0.000000                NaN   0.000000       0.000000       0.000000       0.000000       0.000000       0.000000       0.000000       0.000000       0.000000       0.000000       0.000000       0.000000       0.000000       0.000000       0.000000       0.000000
  1963.150       1.000000      -1971132.      -1020157.       52.44630       484.4126       214.2797       4.919805      0.2115129E-03  0.5239244E-05   0.000000       0.000000                NaN   0.000000       0.000000       0.000000       0.000000       0.000000       0.000000       0.000000       0.000000       0.000000       0.000000       0.000000       0.000000       0.000000       0.000000       0.000000       0.000000
  1973.150       1.000000      -1975981.      -1018013.       52.30888       485.5019       214.5098       4.921924      0.2120638E-03  0.5252724E-05   0.000000       0.000000                NaN   0.000000       0.000000       0.000000       0.000000       0.000000       0.000000       0.000000       0.000000       0.000000       0.000000       0.000000       0.000000       0.000000       0.000000       0.000000       0.000000
  1983.150       1.000000      -1980842.      -1015867.       52.17313       486.5869       214.7393       4.924048      0.2126174E-03  0.5266272E-05   0.000000       0.000000                NaN   0.000000       0.000000       0.000000       0.000000       0.000000       0.000000       0.000000       0.000000       0.000000       0.000000       0.000000       0.000000       0.000000       0.000000       0.000000       0.000000
  1993.150       1.000000      -1985713.      -1013718.       52.03903       487.6676       214.9684       4.926179      0.2131737E-03  0.5279890E-05   0.000000       0.000000                NaN   0.000000       0.000000       0.000000       0.000000       0.000000       0.000000       0.000000       0.000000       0.000000       0.000000       0.000000       0.000000       0.000000       0.000000       0.000000       0.000000
  2003.150       1.000000      -1990595.      -1011567.       51.90655       488.7440       215.1971       4.928314      0.2137329E-03  0.5293577E-05   0.000000       0.000000                NaN   0.000000       0.000000       0.000000       0.000000       0.000000       0.000000       0.000000       0.000000       0.000000       0.000000       0.000000       0.000000       0.000000       0.000000       0.000000       0.000000
  2013.150       1.000000      -1995488.      -1009414.       51.77566       489.8162       215.4253       4.930456      0.2142947E-03  0.5307335E-05   0.000000       0.000000                NaN   0.000000       0.000000       0.000000       0.000000       0.000000       0.000000       0.000000       0.000000       0.000000       0.000000       0.000000       0.000000       0.000000       0.000000       0.000000       0.000000
  2023.150       1.000000      -2000391.      -1007259.       51.64635       490.8842       215.6530       4.932603      0.2148594E-03  0.5321164E-05   0.000000       0.000000                NaN   0.000000       0.000000       0.000000       0.000000       0.000000       0.000000       0.000000       0.000000       0.000000       0.000000       0.000000       0.000000       0.000000       0.000000       0.000000       0.000000
  2033.150       1.000000      -2005305.      -1005101.       51.51857       491.9480       215.8804       4.934755      0.2154270E-03  0.5335065E-05   0.000000       0.000000                NaN   0.000000       0.000000       0.000000       0.000000       0.000000       0.000000       0.000000       0.000000       0.000000       0.000000       0.000000       0.000000       0.000000       0.000000       0.000000       0.000000
  2043.150       1.000000      -2010230.      -1002941.       51.39233       493.0078       216.1072       4.936913      0.2159973E-03  0.5349037E-05   0.000000       0.000000                NaN   0.000000       0.000000       0.000000       0.000000       0.000000       0.000000       0.000000       0.000000       0.000000       0.000000       0.000000       0.000000       0.000000       0.000000       0.000000       0.000000
  2053.150       1.000000      -2015166.      -1000779.       51.26758       494.0635       216.3337       4.939077      0.2165706E-03  0.5363082E-05   0.000000       0.000000                NaN   0.000000       0.000000       0.000000       0.000000       0.000000       0.000000       0.000000       0.000000       0.000000       0.000000       0.000000       0.000000       0.000000       0.000000       0.000000       0.000000
  2063.150       1.000000      -2020111.      -998614.6       51.14430       495.1151       216.5598       4.941247      0.2171467E-03  0.5377200E-05   0.000000       0.000000                NaN   0.000000       0.000000       0.000000       0.000000       0.000000       0.000000       0.000000       0.000000       0.000000       0.000000       0.000000       0.000000       0.000000       0.000000       0.000000       0.000000
  2073.150       1.000000      -2025068.      -996447.9       51.02248       496.1628       216.7854       4.943423      0.2177258E-03  0.5391392E-05   0.000000       0.000000                NaN   0.000000       0.000000       0.000000       0.000000       0.000000       0.000000       0.000000       0.000000       0.000000       0.000000       0.000000       0.000000       0.000000       0.000000       0.000000       0.000000
  2083.150       1.000000      -2030035.      -994278.9       50.90209       497.2065       217.0106       4.945604      0.2183078E-03  0.5405659E-05   0.000000       0.000000                NaN   0.000000       0.000000       0.000000       0.000000       0.000000       0.000000       0.000000       0.000000       0.000000       0.000000       0.000000       0.000000       0.000000       0.000000       0.000000       0.000000
  2093.150       1.000000      -2035012.      -992107.7       50.78312       498.2463       217.2354       4.947791      0.2188928E-03  0.5420000E-05   0.000000       0.000000                NaN   0.000000       0.000000       0.000000       0.000000       0.000000       0.000000       0.000000       0.000000       0.000000       0.000000       0.000000       0.000000       0.000000       0.000000       0.000000       0.000000
  2103.150       1.000000      -2040000.      -989934.2       50.66553       499.2822       217.4598       4.949984      0.2194808E-03  0.5434416E-05   0.000000       0.000000                NaN   0.000000       0.000000       0.000000       0.000000       0.000000       0.000000       0.000000       0.000000       0.000000       0.000000       0.000000       0.000000       0.000000       0.000000       0.000000       0.000000
  2113.150       1.000000      -2044998.      -987758.5       50.54931       500.3143       217.6838       4.952183      0.2200718E-03  0.5448909E-05   0.000000       0.000000                NaN   0.000000       0.000000       0.000000       0.000000       0.000000       0.000000       0.000000       0.000000       0.000000       0.000000       0.000000       0.000000       0.000000       0.000000       0.000000       0.000000
  2123.150       1.000000      -2050006.      -985580.6       50.43444       501.3425       217.9075       4.954388      0.2206658E-03  0.5463478E-05   0.000000       0.000000                NaN   0.000000       0.000000       0.000000       0.000000       0.000000       0.000000       0.000000       0.000000       0.000000       0.000000       0.000000       0.000000       0.000000       0.000000       0.000000       0.000000
  2133.150       1.000000      -2055024.      -983400.4       50.32089       502.3669       218.1307       4.956599      0.2212630E-03  0.5478125E-05   0.000000       0.000000                NaN   0.000000       0.000000       0.000000       0.000000       0.000000       0.000000       0.000000       0.000000       0.000000       0.000000       0.000000       0.000000       0.000000       0.000000       0.000000       0.000000
  2143.150       1.000000      -2060053.      -981217.9       50.20866       503.3877       218.3536       4.958816      0.2218632E-03  0.5492849E-05   0.000000       0.000000                NaN   0.000000       0.000000       0.000000       0.000000       0.000000       0.000000       0.000000       0.000000       0.000000       0.000000       0.000000       0.000000       0.000000       0.000000       0.000000       0.000000
  2153.150       1.000000      -2065092.      -979033.3       50.09771       504.4046       218.5761       4.961039      0.2224665E-03  0.5507652E-05   0.000000       0.000000                NaN   0.000000       0.000000       0.000000       0.000000       0.000000       0.000000       0.000000       0.000000       0.000000       0.000000       0.000000       0.000000       0.000000       0.000000       0.000000       0.000000
  2163.150       1.000000      -2070141.      -976846.4       49.98804       505.4180       218.7982       4.963268      0.2230730E-03  0.5522534E-05   0.000000       0.000000                NaN   0.000000       0.000000       0.000000       0.000000       0.000000       0.000000       0.000000       0.000000       0.000000       0.000000       0.000000       0.000000       0.000000       0.000000       0.000000       0.000000
  2173.150       1.000000      -2075201.      -974657.3       49.87962       506.4276       219.0200       4.965503      0.2236827E-03  0.5537495E-05   0.000000       0.000000                NaN   0.000000       0.000000       0.000000       0.000000       0.000000       0.000000       0.000000       0.000000       0.000000       0.000000       0.000000       0.000000       0.000000       0.000000       0.000000       0.000000
  2183.150       1.000000      -2080270.      -972466.0       49.77243       507.4337       219.2414       4.967744      0.2242956E-03  0.5552537E-05   0.000000       0.000000                NaN   0.000000       0.000000       0.000000       0.000000       0.000000       0.000000       0.000000       0.000000       0.000000       0.000000       0.000000       0.000000       0.000000       0.000000       0.000000       0.000000
  2193.150       1.000000      -2085349.      -970272.5       49.66646       508.4361       219.4625       4.969991      0.2249117E-03  0.5567660E-05   0.000000       0.000000                NaN   0.000000       0.000000       0.000000       0.000000       0.000000       0.000000       0.000000       0.000000       0.000000       0.000000       0.000000       0.000000       0.000000       0.000000       0.000000       0.000000
  2203.150       1.000000      -2090439.      -968076.8       49.56169       509.4350       219.6832       4.972245      0.2255310E-03  0.5582865E-05   0.000000       0.000000                NaN   0.000000       0.000000       0.000000       0.000000       0.000000       0.000000       0.000000       0.000000       0.000000       0.000000       0.000000       0.000000       0.000000       0.000000       0.000000       0.000000
  2213.150       1.000000      -2095538.      -965878.8       49.45810       510.4304       219.9035       4.974504      0.2261536E-03  0.5598152E-05   0.000000       0.000000                NaN   0.000000       0.000000       0.000000       0.000000       0.000000       0.000000       0.000000       0.000000       0.000000       0.000000       0.000000       0.000000       0.000000       0.000000       0.000000       0.000000
  2223.150       1.000000      -2100647.      -963678.7       49.35567       511.4223       220.1235       4.976770      0.2267796E-03  0.5613521E-05   0.000000       0.000000                NaN   0.000000       0.000000       0.000000       0.000000       0.000000       0.000000       0.000000       0.000000       0.000000       0.000000       0.000000       0.000000       0.000000       0.000000       0.000000       0.000000
  2233.150       1.000000      -2105766.      -961476.4       49.25440       512.4107       220.3432       4.979042      0.2274089E-03  0.5628975E-05   0.000000       0.000000                NaN   0.000000       0.000000       0.000000       0.000000       0.000000       0.000000       0.000000       0.000000       0.000000       0.000000       0.000000       0.000000       0.000000       0.000000       0.000000       0.000000
  2243.150       1.000000      -2110895.      -959271.8       49.15426       513.3957       220.5625       4.981321      0.2280415E-03  0.5644512E-05   0.000000       0.000000                NaN   0.000000       0.000000       0.000000       0.000000       0.000000       0.000000       0.000000       0.000000       0.000000       0.000000       0.000000       0.000000       0.000000       0.000000       0.000000       0.000000
  2253.150       1.000000      -2116034.      -957065.1       49.05523       514.3772       220.7815       4.983606      0.2286776E-03  0.5660135E-05   0.000000       0.000000                NaN   0.000000       0.000000       0.000000       0.000000       0.000000       0.000000       0.000000       0.000000       0.000000       0.000000       0.000000       0.000000       0.000000       0.000000       0.000000       0.000000
  2263.150       1.000000      -2121183.      -954856.2       48.95731       515.3554       221.0002       4.985897      0.2293171E-03  0.5675843E-05   0.000000       0.000000                NaN   0.000000       0.000000       0.000000       0.000000       0.000000       0.000000       0.000000       0.000000       0.000000       0.000000       0.000000       0.000000       0.000000       0.000000       0.000000       0.000000
  2273.150       1.000000      -2126341.      -952645.1       48.86047       516.3303       221.2186       4.988195      0.2299600E-03  0.5691638E-05   0.000000       0.000000                NaN   0.000000       0.000000       0.000000       0.000000       0.000000       0.000000       0.000000       0.000000       0.000000       0.000000       0.000000       0.000000       0.000000       0.000000       0.000000       0.000000
