|6.6.6
foL_1373-2273-10
           2
 T(K)
   1373.15000000000
   10.0000000000000
          91
 P(bar)
   1.00000000000000
   1.00000000000000
           1
          29
      T(K)           P(bar)   g(J/mol)       h(J/mol)       log10[Keq]     s(J/mol/K)     cp(J/mol/K)    v(J/mol/bar)   alpha(1/K)     beta(1/bar)    N(g/mol)       rho(kg/m3)     Gruneisen_T    Ks(bar)        KsT(bar/K)     KsP            Gs(bar)        GsT(bar/K)     GsP            v0(km/s)       v0T(km/s/K)    v0P(km/s/bar)  vp(km/s)       vpT(km/s/K)    vpP(km/s/bar)  vs(km/s)       vsT(km/s/K)    vsP(km/s/bar)  cp/cv
  1373.150       1.000000      -2280010.      -1800169.       86.73043       349.4454       269.4000       4.760005      0.4378299E-03  0.1509241E-04   0.000000       0.000000                NaN   0.000000       0.000000       0.000000       0.000000       0.000000       0.000000       0.000000       0.000000       0.000000       0.000000       0.000000       0.000000       0.000000       0.000000       0.000000       0.000000
  1383.150       1.000000      -2283514.      -1797475.       86.23572       351.4002       269.4000       4.764386      0.4382328E-03  0.1512745E-04   0.000000       0.000000                NaN   0.000000       0.000000       0.000000       0.000000       0.000000       0.000000       0.000000       0.000000       0.000000       0.000000       0.000000       0.000000       0.000000       0.000000       0.000000       0.000000
  1393.150       1.000000      -2287038.      -1794781.       85.74884       353.3410       269.4000       4.768771      0.4386361E-03  0.1516260E-04   0.000000       0.000000                NaN   0.000000       0.000000       0.000000       0.000000       0.000000       0.000000       0.000000       0.000000       0.000000       0.000000       0.000000       0.000000       0.000000       0.000000       0.000000       0.000000
  1403.150       1.000000      -2290581.      -1792087.       85.26962       355.2678       269.4000       4.773160      0.4390397E-03  0.1519787E-04   0.000000       0.000000                NaN   0.000000       0.000000       0.000000       0.000000       0.000000       0.000000       0.000000       0.000000       0.000000       0.000000       0.000000       0.000000       0.000000       0.000000       0.000000       0.000000
  1413.150       1.000000      -2294143.      -1789393.       84.79789       357.1810       269.4000       4.777554      0.4394437E-03  0.1523324E-04   0.000000       0.000000                NaN   0.000000       0.000000       0.000000       0.000000       0.000000       0.000000       0.000000       0.000000       0.000000       0.000000       0.000000       0.000000       0.000000       0.000000       0.000000       0.000000
  1423.150       1.000000      -2297725.      -1786699.       84.33349       359.0806       269.4000       4.781951      0.4398481E-03  0.1526873E-04   0.000000       0.000000                NaN   0.000000       0.000000       0.000000       0.000000       0.000000       0.000000       0.000000       0.000000       0.000000       0.000000       0.000000       0.000000       0.000000       0.000000       0.000000       0.000000
  1433.150       1.000000      -2301325.      -1784005.       83.87625       360.9670       269.4000       4.786352      0.4402528E-03  0.1530433E-04   0.000000       0.000000                NaN   0.000000       0.000000       0.000000       0.000000       0.000000       0.000000       0.000000       0.000000       0.000000       0.000000       0.000000       0.000000       0.000000       0.000000       0.000000       0.000000
  1443.150       1.000000      -2304944.      -1781311.       83.42604       362.8402       269.4000       4.790758      0.4406579E-03  0.1534005E-04   0.000000       0.000000                NaN   0.000000       0.000000       0.000000       0.000000       0.000000       0.000000       0.000000       0.000000       0.000000       0.000000       0.000000       0.000000       0.000000       0.000000       0.000000       0.000000
  1453.150       1.000000      -2308582.      -1778617.       82.98270       364.7006       269.4000       4.795167      0.4410634E-03  0.1537587E-04   0.000000       0.000000                NaN   0.000000       0.000000       0.000000       0.000000       0.000000       0.000000       0.000000       0.000000       0.000000       0.000000       0.000000       0.000000       0.000000       0.000000       0.000000       0.000000
  1463.150       1.000000      -2312238.      -1775923.       82.54607       366.5481       269.4000       4.799581      0.4414693E-03  0.1541182E-04   0.000000       0.000000                NaN   0.000000       0.000000       0.000000       0.000000       0.000000       0.000000       0.000000       0.000000       0.000000       0.000000       0.000000       0.000000       0.000000       0.000000       0.000000       0.000000
  1473.150       1.000000      -2315913.      -1773229.       82.11603       368.3831       269.4000       4.803999      0.4418755E-03  0.1544788E-04   0.000000       0.000000                NaN   0.000000       0.000000       0.000000       0.000000       0.000000       0.000000       0.000000       0.000000       0.000000       0.000000       0.000000       0.000000       0.000000       0.000000       0.000000       0.000000
  1483.150       1.000000      -2319606.      -1770535.       81.69243       370.2056       269.4000       4.808420      0.4422821E-03  0.1548405E-04   0.000000       0.000000                NaN   0.000000       0.000000       0.000000       0.000000       0.000000       0.000000       0.000000       0.000000       0.000000       0.000000       0.000000       0.000000       0.000000       0.000000       0.000000       0.000000
  1493.150       1.000000      -2323317.      -1767841.       81.27514       372.0159       269.4000       4.812846      0.4426891E-03  0.1552034E-04   0.000000       0.000000                NaN   0.000000       0.000000       0.000000       0.000000       0.000000       0.000000       0.000000       0.000000       0.000000       0.000000       0.000000       0.000000       0.000000       0.000000       0.000000       0.000000
  1503.150       1.000000      -2327046.      -1765147.       80.86402       373.8142       269.4000       4.817276      0.4430965E-03  0.1555675E-04   0.000000       0.000000                NaN   0.000000       0.000000       0.000000       0.000000       0.000000       0.000000       0.000000       0.000000       0.000000       0.000000       0.000000       0.000000       0.000000       0.000000       0.000000       0.000000
  1513.150       1.000000      -2330793.      -1762453.       80.45897       375.6005       269.4000       4.821710      0.4435042E-03  0.1559327E-04   0.000000       0.000000                NaN   0.000000       0.000000       0.000000       0.000000       0.000000       0.000000       0.000000       0.000000       0.000000       0.000000       0.000000       0.000000       0.000000       0.000000       0.000000       0.000000
  1523.150       1.000000      -2334558.      -1759759.       80.05984       377.3750       269.4000       4.826148      0.4439123E-03  0.1562991E-04   0.000000       0.000000                NaN   0.000000       0.000000       0.000000       0.000000       0.000000       0.000000       0.000000       0.000000       0.000000       0.000000       0.000000       0.000000       0.000000       0.000000       0.000000       0.000000
  1533.150       1.000000      -2338340.      -1757065.       79.66652       379.1379       269.4000       4.830590      0.4443208E-03  0.1566667E-04   0.000000       0.000000                NaN   0.000000       0.000000       0.000000       0.000000       0.000000       0.000000       0.000000       0.000000       0.000000       0.000000       0.000000       0.000000       0.000000       0.000000       0.000000       0.000000
  1543.150       1.000000      -2342141.      -1754371.       79.27889       380.8894       269.4000       4.835036      0.4447296E-03  0.1570355E-04   0.000000       0.000000                NaN   0.000000       0.000000       0.000000       0.000000       0.000000       0.000000       0.000000       0.000000       0.000000       0.000000       0.000000       0.000000       0.000000       0.000000       0.000000       0.000000
  1553.150       1.000000      -2345958.      -1751677.       78.89684       382.6295       269.4000       4.839486      0.4451389E-03  0.1574054E-04   0.000000       0.000000                NaN   0.000000       0.000000       0.000000       0.000000       0.000000       0.000000       0.000000       0.000000       0.000000       0.000000       0.000000       0.000000       0.000000       0.000000       0.000000       0.000000
  1563.150       1.000000      -2349793.      -1748983.       78.52026       384.3585       269.4000       4.843941      0.4455485E-03  0.1577766E-04   0.000000       0.000000                NaN   0.000000       0.000000       0.000000       0.000000       0.000000       0.000000       0.000000       0.000000       0.000000       0.000000       0.000000       0.000000       0.000000       0.000000       0.000000       0.000000
  1573.150       1.000000      -2353645.      -1746289.       78.14903       386.0765       269.4000       4.848399      0.4459584E-03  0.1581490E-04   0.000000       0.000000                NaN   0.000000       0.000000       0.000000       0.000000       0.000000       0.000000       0.000000       0.000000       0.000000       0.000000       0.000000       0.000000       0.000000       0.000000       0.000000       0.000000
  1583.150       1.000000      -2357515.      -1743595.       77.78307       387.7835       269.4000       4.852862      0.4463688E-03  0.1585225E-04   0.000000       0.000000                NaN   0.000000       0.000000       0.000000       0.000000       0.000000       0.000000       0.000000       0.000000       0.000000       0.000000       0.000000       0.000000       0.000000       0.000000       0.000000       0.000000
  1593.150       1.000000      -2361401.      -1740901.       77.42225       389.4798       269.4000       4.857328      0.4467796E-03  0.1588973E-04   0.000000       0.000000                NaN   0.000000       0.000000       0.000000       0.000000       0.000000       0.000000       0.000000       0.000000       0.000000       0.000000       0.000000       0.000000       0.000000       0.000000       0.000000       0.000000
  1603.150       1.000000      -2365304.      -1738207.       77.06649       391.1656       269.4000       4.861799      0.4471907E-03  0.1592733E-04   0.000000       0.000000                NaN   0.000000       0.000000       0.000000       0.000000       0.000000       0.000000       0.000000       0.000000       0.000000       0.000000       0.000000       0.000000       0.000000       0.000000       0.000000       0.000000
  1613.150       1.000000      -2369224.      -1735513.       76.71568       392.8408       269.4000       4.866274      0.4476021E-03  0.1596505E-04   0.000000       0.000000                NaN   0.000000       0.000000       0.000000       0.000000       0.000000       0.000000       0.000000       0.000000       0.000000       0.000000       0.000000       0.000000       0.000000       0.000000       0.000000       0.000000
  1623.150       1.000000      -2373161.      -1732819.       76.36973       394.5056       269.4000       4.870753      0.4480140E-03  0.1600290E-04   0.000000       0.000000                NaN   0.000000       0.000000       0.000000       0.000000       0.000000       0.000000       0.000000       0.000000       0.000000       0.000000       0.000000       0.000000       0.000000       0.000000       0.000000       0.000000
  1633.150       1.000000      -2377114.      -1730125.       76.02855       396.1603       269.4000       4.875236      0.4484263E-03  0.1604087E-04   0.000000       0.000000                NaN   0.000000       0.000000       0.000000       0.000000       0.000000       0.000000       0.000000       0.000000       0.000000       0.000000       0.000000       0.000000       0.000000       0.000000       0.000000       0.000000
  1643.150       1.000000      -2381084.      -1727431.       75.69205       397.8048       269.4000       4.879723      0.4488389E-03  0.1607896E-04   0.000000       0.000000                NaN   0.000000       0.000000       0.000000       0.000000       0.000000       0.000000       0.000000       0.000000       0.000000       0.000000       0.000000       0.000000       0.000000       0.000000       0.000000       0.000000
  1653.150       1.000000      -2385070.      -1724737.       75.36013       399.4394       269.4000       4.884215      0.4492519E-03  0.1611718E-04   0.000000       0.000000                NaN   0.000000       0.000000       0.000000       0.000000       0.000000       0.000000       0.000000       0.000000       0.000000       0.000000       0.000000       0.000000       0.000000       0.000000       0.000000       0.000000
  1663.150       1.000000      -2389073.      -1722043.       75.03272       401.0641       269.4000       4.888710      0.4496653E-03  0.1615552E-04   0.000000       0.000000                NaN   0.000000       0.000000       0.000000       0.000000       0.000000       0.000000       0.000000       0.000000       0.000000       0.000000       0.000000       0.000000       0.000000       0.000000       0.000000       0.000000
  1673.150       1.000000      -2393092.      -1719349.       74.70973       402.6791       269.4000       4.893210      0.4500791E-03  0.1619399E-04   0.000000       0.000000                NaN   0.000000       0.000000       0.000000       0.000000       0.000000       0.000000       0.000000       0.000000       0.000000       0.000000       0.000000       0.000000       0.000000       0.000000       0.000000       0.000000
  1683.150       1.000000      -2397126.      -1716655.       74.39108       404.2844       269.4000       4.897714      0.4504932E-03  0.1623258E-04   0.000000       0.000000                NaN   0.000000       0.000000       0.000000       0.000000       0.000000       0.000000       0.000000       0.000000       0.000000       0.000000       0.000000       0.000000       0.000000       0.000000       0.000000       0.000000
  1693.150       1.000000      -2401177.      -1713961.       74.07668       405.8803       269.4000       4.902222      0.4509078E-03  0.1627130E-04   0.000000       0.000000                NaN   0.000000       0.000000       0.000000       0.000000       0.000000       0.000000       0.000000       0.000000       0.000000       0.000000       0.000000       0.000000       0.000000       0.000000       0.000000       0.000000
  1703.150       1.000000      -2405244.      -1711267.       73.76647       407.4667       269.4000       4.906734      0.4513227E-03  0.1631015E-04   0.000000       0.000000                NaN   0.000000       0.000000       0.000000       0.000000       0.000000       0.000000       0.000000       0.000000       0.000000       0.000000       0.000000       0.000000       0.000000       0.000000       0.000000       0.000000
  1713.150       1.000000      -2409327.      -1708573.       73.46035       409.0438       269.4000       4.911250      0.4517380E-03  0.1634913E-04   0.000000       0.000000                NaN   0.000000       0.000000       0.000000       0.000000       0.000000       0.000000       0.000000       0.000000       0.000000       0.000000       0.000000       0.000000       0.000000       0.000000       0.000000       0.000000
  1723.150       1.000000      -2413425.      -1705879.       73.15827       410.6118       269.4000       4.915770      0.4521536E-03  0.1638823E-04   0.000000       0.000000                NaN   0.000000       0.000000       0.000000       0.000000       0.000000       0.000000       0.000000       0.000000       0.000000       0.000000       0.000000       0.000000       0.000000       0.000000       0.000000       0.000000
  1733.150       1.000000      -2417539.      -1703185.       72.86014       412.1707       269.4000       4.920295      0.4525697E-03  0.1642746E-04   0.000000       0.000000                NaN   0.000000       0.000000       0.000000       0.000000       0.000000       0.000000       0.000000       0.000000       0.000000       0.000000       0.000000       0.000000       0.000000       0.000000       0.000000       0.000000
  1743.150       1.000000      -2421668.      -1700491.       72.56590       413.7206       269.4000       4.924824      0.4529861E-03  0.1646683E-04   0.000000       0.000000                NaN   0.000000       0.000000       0.000000       0.000000       0.000000       0.000000       0.000000       0.000000       0.000000       0.000000       0.000000       0.000000       0.000000       0.000000       0.000000       0.000000
  1753.150       1.000000      -2425813.      -1697797.       72.27548       415.2617       269.4000       4.929357      0.4534030E-03  0.1650632E-04   0.000000       0.000000                NaN   0.000000       0.000000       0.000000       0.000000       0.000000       0.000000       0.000000       0.000000       0.000000       0.000000       0.000000       0.000000       0.000000       0.000000       0.000000       0.000000
  1763.150       1.000000      -2429973.      -1695103.       71.98881       416.7940       269.4000       4.933894      0.4538202E-03  0.1654594E-04   0.000000       0.000000                NaN   0.000000       0.000000       0.000000       0.000000       0.000000       0.000000       0.000000       0.000000       0.000000       0.000000       0.000000       0.000000       0.000000       0.000000       0.000000       0.000000
  1773.150       1.000000      -2434149.      -1692409.       71.70582       418.3176       269.4000       4.938435      0.4542378E-03  0.1658570E-04   0.000000       0.000000                NaN   0.000000       0.000000       0.000000       0.000000       0.000000       0.000000       0.000000       0.000000       0.000000       0.000000       0.000000       0.000000       0.000000       0.000000       0.000000       0.000000
  1783.150       1.000000      -2438340.      -1689715.       71.42645       419.8327       269.4000       4.942980      0.4546557E-03  0.1662558E-04   0.000000       0.000000                NaN   0.000000       0.000000       0.000000       0.000000       0.000000       0.000000       0.000000       0.000000       0.000000       0.000000       0.000000       0.000000       0.000000       0.000000       0.000000       0.000000
  1793.150       1.000000      -2442546.      -1687021.       71.15064       421.3393       269.4000       4.947530      0.4550741E-03  0.1666560E-04   0.000000       0.000000                NaN   0.000000       0.000000       0.000000       0.000000       0.000000       0.000000       0.000000       0.000000       0.000000       0.000000       0.000000       0.000000       0.000000       0.000000       0.000000       0.000000
  1803.150       1.000000      -2446766.      -1684327.       70.87832       422.8375       269.4000       4.952084      0.4554928E-03  0.1670576E-04   0.000000       0.000000                NaN   0.000000       0.000000       0.000000       0.000000       0.000000       0.000000       0.000000       0.000000       0.000000       0.000000       0.000000       0.000000       0.000000       0.000000       0.000000       0.000000
  1813.150       1.000000      -2451002.      -1681633.       70.60943       424.3274       269.4000       4.956642      0.4559120E-03  0.1674604E-04   0.000000       0.000000                NaN   0.000000       0.000000       0.000000       0.000000       0.000000       0.000000       0.000000       0.000000       0.000000       0.000000       0.000000       0.000000       0.000000       0.000000       0.000000       0.000000
  1823.150       1.000000      -2455253.      -1678939.       70.34392       425.8091       269.4000       4.961204      0.4563315E-03  0.1678646E-04   0.000000       0.000000                NaN   0.000000       0.000000       0.000000       0.000000       0.000000       0.000000       0.000000       0.000000       0.000000       0.000000       0.000000       0.000000       0.000000       0.000000       0.000000       0.000000
  1833.150       1.000000      -2459518.      -1676245.       70.08173       427.2828       269.4000       4.965770      0.4567514E-03  0.1682702E-04   0.000000       0.000000                NaN   0.000000       0.000000       0.000000       0.000000       0.000000       0.000000       0.000000       0.000000       0.000000       0.000000       0.000000       0.000000       0.000000       0.000000       0.000000       0.000000
  1843.150       1.000000      -2463799.      -1673551.       69.82280       428.7484       269.4000       4.970341      0.4571716E-03  0.1686771E-04   0.000000       0.000000                NaN   0.000000       0.000000       0.000000       0.000000       0.000000       0.000000       0.000000       0.000000       0.000000       0.000000       0.000000       0.000000       0.000000       0.000000       0.000000       0.000000
  1853.150       1.000000      -2468093.      -1670857.       69.56708       430.2060       269.4000       4.974916      0.4575923E-03  0.1690854E-04   0.000000       0.000000                NaN   0.000000       0.000000       0.000000       0.000000       0.000000       0.000000       0.000000       0.000000       0.000000       0.000000       0.000000       0.000000       0.000000       0.000000       0.000000       0.000000
  1863.150       1.000000      -2472403.      -1668163.       69.31451       431.6559       269.4000       4.979495      0.4580134E-03  0.1694951E-04   0.000000       0.000000                NaN   0.000000       0.000000       0.000000       0.000000       0.000000       0.000000       0.000000       0.000000       0.000000       0.000000       0.000000       0.000000       0.000000       0.000000       0.000000       0.000000
  1873.150       1.000000      -2476726.      -1665469.       69.06503       433.0979       269.4000       4.984078      0.4584348E-03  0.1699061E-04   0.000000       0.000000                NaN   0.000000       0.000000       0.000000       0.000000       0.000000       0.000000       0.000000       0.000000       0.000000       0.000000       0.000000       0.000000       0.000000       0.000000       0.000000       0.000000
  1883.150       1.000000      -2481065.      -1662775.       68.81861       434.5323       269.4000       4.988665      0.4588566E-03  0.1703185E-04   0.000000       0.000000                NaN   0.000000       0.000000       0.000000       0.000000       0.000000       0.000000       0.000000       0.000000       0.000000       0.000000       0.000000       0.000000       0.000000       0.000000       0.000000       0.000000
  1893.150       1.000000      -2485417.      -1660081.       68.57519       435.9591       269.4000       4.993257      0.4592789E-03  0.1707323E-04   0.000000       0.000000                NaN   0.000000       0.000000       0.000000       0.000000       0.000000       0.000000       0.000000       0.000000       0.000000       0.000000       0.000000       0.000000       0.000000       0.000000       0.000000       0.000000
  1903.150       1.000000      -2489784.      -1657387.       68.33471       437.3784       269.4000       4.997853      0.4597015E-03  0.1711475E-04   0.000000       0.000000                NaN   0.000000       0.000000       0.000000       0.000000       0.000000       0.000000       0.000000       0.000000       0.000000       0.000000       0.000000       0.000000       0.000000       0.000000       0.000000       0.000000
  1913.150       1.000000      -2494165.      -1654693.       68.09713       438.7903       269.4000       5.002453      0.4601245E-03  0.1715641E-04   0.000000       0.000000                NaN   0.000000       0.000000       0.000000       0.000000       0.000000       0.000000       0.000000       0.000000       0.000000       0.000000       0.000000       0.000000       0.000000       0.000000       0.000000       0.000000
  1923.150       1.000000      -2498560.      -1651999.       67.86241       440.1947       269.4000       5.007057      0.4605478E-03  0.1719820E-04   0.000000       0.000000                NaN   0.000000       0.000000       0.000000       0.000000       0.000000       0.000000       0.000000       0.000000       0.000000       0.000000       0.000000       0.000000       0.000000       0.000000       0.000000       0.000000
  1933.150       1.000000      -2502969.      -1649305.       67.63050       441.5919       269.4000       5.011666      0.4609716E-03  0.1724015E-04   0.000000       0.000000                NaN   0.000000       0.000000       0.000000       0.000000       0.000000       0.000000       0.000000       0.000000       0.000000       0.000000       0.000000       0.000000       0.000000       0.000000       0.000000       0.000000
  1943.150       1.000000      -2507391.      -1646611.       67.40134       442.9819       269.4000       5.016279      0.4613958E-03  0.1728223E-04   0.000000       0.000000                NaN   0.000000       0.000000       0.000000       0.000000       0.000000       0.000000       0.000000       0.000000       0.000000       0.000000       0.000000       0.000000       0.000000       0.000000       0.000000       0.000000
  1953.150       1.000000      -2511828.      -1643917.       67.17491       444.3648       269.4000       5.020896      0.4618203E-03  0.1732445E-04   0.000000       0.000000                NaN   0.000000       0.000000       0.000000       0.000000       0.000000       0.000000       0.000000       0.000000       0.000000       0.000000       0.000000       0.000000       0.000000       0.000000       0.000000       0.000000
  1963.150       1.000000      -2516279.      -1641223.       66.95114       445.7406       269.4000       5.025517      0.4622453E-03  0.1736682E-04   0.000000       0.000000                NaN   0.000000       0.000000       0.000000       0.000000       0.000000       0.000000       0.000000       0.000000       0.000000       0.000000       0.000000       0.000000       0.000000       0.000000       0.000000       0.000000
  1973.150       1.000000      -2520743.      -1638529.       66.73001       447.1094       269.4000       5.030143      0.4626706E-03  0.1740934E-04   0.000000       0.000000                NaN   0.000000       0.000000       0.000000       0.000000       0.000000       0.000000       0.000000       0.000000       0.000000       0.000000       0.000000       0.000000       0.000000       0.000000       0.000000       0.000000
  1983.150       1.000000      -2525221.      -1635835.       66.51147       448.4713       269.4000       5.034772      0.4630963E-03  0.1745200E-04   0.000000       0.000000                NaN   0.000000       0.000000       0.000000       0.000000       0.000000       0.000000       0.000000       0.000000       0.000000       0.000000       0.000000       0.000000       0.000000       0.000000       0.000000       0.000000
  1993.150       1.000000      -2529712.      -1633141.       66.29548       449.8263       269.4000       5.039407      0.4635225E-03  0.1749480E-04   0.000000       0.000000                NaN   0.000000       0.000000       0.000000       0.000000       0.000000       0.000000       0.000000       0.000000       0.000000       0.000000       0.000000       0.000000       0.000000       0.000000       0.000000       0.000000
  2003.150       1.000000      -2534217.      -1630447.       66.08199       451.1745       269.4000       5.044045      0.4639490E-03  0.1753775E-04   0.000000       0.000000                NaN   0.000000       0.000000       0.000000       0.000000       0.000000       0.000000       0.000000       0.000000       0.000000       0.000000       0.000000       0.000000       0.000000       0.000000       0.000000       0.000000
  2013.150       1.000000      -2538736.      -1627753.       65.87098       452.5161       269.4000       5.048688      0.4643759E-03  0.1758084E-04   0.000000       0.000000                NaN   0.000000       0.000000       0.000000       0.000000       0.000000       0.000000       0.000000       0.000000       0.000000       0.000000       0.000000       0.000000       0.000000       0.000000       0.000000       0.000000
  2023.150       1.000000      -2543268.      -1625059.       65.66240       453.8510       269.4000       5.053334      0.4648032E-03  0.1762409E-04   0.000000       0.000000                NaN   0.000000       0.000000       0.000000       0.000000       0.000000       0.000000       0.000000       0.000000       0.000000       0.000000       0.000000       0.000000       0.000000       0.000000       0.000000       0.000000
  2033.150       1.000000      -2547813.      -1622365.       65.45621       455.1793       269.4000       5.057986      0.4652308E-03  0.1766748E-04   0.000000       0.000000                NaN   0.000000       0.000000       0.000000       0.000000       0.000000       0.000000       0.000000       0.000000       0.000000       0.000000       0.000000       0.000000       0.000000       0.000000       0.000000       0.000000
  2043.150       1.000000      -2552371.      -1619671.       65.25238       456.5011       269.4000       5.062641      0.4656589E-03  0.1771102E-04   0.000000       0.000000                NaN   0.000000       0.000000       0.000000       0.000000       0.000000       0.000000       0.000000       0.000000       0.000000       0.000000       0.000000       0.000000       0.000000       0.000000       0.000000       0.000000
  2053.150       1.000000      -2556943.      -1616977.       65.05086       457.8164       269.4000       5.067301      0.4660874E-03  0.1775471E-04   0.000000       0.000000                NaN   0.000000       0.000000       0.000000       0.000000       0.000000       0.000000       0.000000       0.000000       0.000000       0.000000       0.000000       0.000000       0.000000       0.000000       0.000000       0.000000
  2063.150       1.000000      -2561528.      -1614283.       64.85164       459.1253       269.4000       5.071965      0.4665163E-03  0.1779855E-04   0.000000       0.000000                NaN   0.000000       0.000000       0.000000       0.000000       0.000000       0.000000       0.000000       0.000000       0.000000       0.000000       0.000000       0.000000       0.000000       0.000000       0.000000       0.000000
  2073.150       1.000000      -2566125.      -1611589.       64.65467       460.4280       269.4000       5.076633      0.4669455E-03  0.1784254E-04   0.000000       0.000000                NaN   0.000000       0.000000       0.000000       0.000000       0.000000       0.000000       0.000000       0.000000       0.000000       0.000000       0.000000       0.000000       0.000000       0.000000       0.000000       0.000000
  2083.150       1.000000      -2570736.      -1608895.       64.45991       461.7243       269.4000       5.081306      0.4673752E-03  0.1788669E-04   0.000000       0.000000                NaN   0.000000       0.000000       0.000000       0.000000       0.000000       0.000000       0.000000       0.000000       0.000000       0.000000       0.000000       0.000000       0.000000       0.000000       0.000000       0.000000
  2093.150       1.000000      -2575360.      -1606201.       64.26734       463.0144       269.4000       5.085983      0.4678052E-03  0.1793098E-04   0.000000       0.000000                NaN   0.000000       0.000000       0.000000       0.000000       0.000000       0.000000       0.000000       0.000000       0.000000       0.000000       0.000000       0.000000       0.000000       0.000000       0.000000       0.000000
  2103.150       1.000000      -2579996.      -1603507.       64.07691       464.2984       269.4000       5.090664      0.4682357E-03  0.1797543E-04   0.000000       0.000000                NaN   0.000000       0.000000       0.000000       0.000000       0.000000       0.000000       0.000000       0.000000       0.000000       0.000000       0.000000       0.000000       0.000000       0.000000       0.000000       0.000000
  2113.150       1.000000      -2584646.      -1600813.       63.88861       465.5763       269.4000       5.095350      0.4686665E-03  0.1802003E-04   0.000000       0.000000                NaN   0.000000       0.000000       0.000000       0.000000       0.000000       0.000000       0.000000       0.000000       0.000000       0.000000       0.000000       0.000000       0.000000       0.000000       0.000000       0.000000
  2123.150       1.000000      -2589308.      -1598119.       63.70239       466.8482       269.4000       5.100039      0.4690977E-03  0.1806479E-04   0.000000       0.000000                NaN   0.000000       0.000000       0.000000       0.000000       0.000000       0.000000       0.000000       0.000000       0.000000       0.000000       0.000000       0.000000       0.000000       0.000000       0.000000       0.000000
  2133.150       1.000000      -2593983.      -1595425.       63.51823       468.1141       269.4000       5.104734      0.4695294E-03  0.1810970E-04   0.000000       0.000000                NaN   0.000000       0.000000       0.000000       0.000000       0.000000       0.000000       0.000000       0.000000       0.000000       0.000000       0.000000       0.000000       0.000000       0.000000       0.000000       0.000000
  2143.150       1.000000      -2598670.      -1592731.       63.33610       469.3741       269.4000       5.109432      0.4699614E-03  0.1815477E-04   0.000000       0.000000                NaN   0.000000       0.000000       0.000000       0.000000       0.000000       0.000000       0.000000       0.000000       0.000000       0.000000       0.000000       0.000000       0.000000       0.000000       0.000000       0.000000
  2153.150       1.000000      -2603370.      -1590037.       63.15596       470.6282       269.4000       5.114135      0.4703938E-03  0.1819999E-04   0.000000       0.000000                NaN   0.000000       0.000000       0.000000       0.000000       0.000000       0.000000       0.000000       0.000000       0.000000       0.000000       0.000000       0.000000       0.000000       0.000000       0.000000       0.000000
  2163.150       1.000000      -2608083.      -1587343.       62.97779       471.8765       269.4000       5.118842      0.4708267E-03  0.1824538E-04   0.000000       0.000000                NaN   0.000000       0.000000       0.000000       0.000000       0.000000       0.000000       0.000000       0.000000       0.000000       0.000000       0.000000       0.000000       0.000000       0.000000       0.000000       0.000000
  2173.150       1.000000      -2612808.      -1584649.       62.80157       473.1190       269.4000       5.123553      0.4712599E-03  0.1829092E-04   0.000000       0.000000                NaN   0.000000       0.000000       0.000000       0.000000       0.000000       0.000000       0.000000       0.000000       0.000000       0.000000       0.000000       0.000000       0.000000       0.000000       0.000000       0.000000
  2183.150       1.000000      -2617545.      -1581955.       62.62725       474.3558       269.4000       5.128269      0.4716935E-03  0.1833662E-04   0.000000       0.000000                NaN   0.000000       0.000000       0.000000       0.000000       0.000000       0.000000       0.000000       0.000000       0.000000       0.000000       0.000000       0.000000       0.000000       0.000000       0.000000       0.000000
  2193.150       1.000000      -2622295.      -1579261.       62.45481       475.5870       269.4000       5.132989      0.4721275E-03  0.1838248E-04   0.000000       0.000000                NaN   0.000000       0.000000       0.000000       0.000000       0.000000       0.000000       0.000000       0.000000       0.000000       0.000000       0.000000       0.000000       0.000000       0.000000       0.000000       0.000000
  2203.150       1.000000      -2627057.      -1576567.       62.28423       476.8126       269.4000       5.137714      0.4725619E-03  0.1842850E-04   0.000000       0.000000                NaN   0.000000       0.000000       0.000000       0.000000       0.000000       0.000000       0.000000       0.000000       0.000000       0.000000       0.000000       0.000000       0.000000       0.000000       0.000000       0.000000
  2213.150       1.000000      -2631831.      -1573873.       62.11548       478.0326       269.4000       5.142443      0.4729967E-03  0.1847468E-04   0.000000       0.000000                NaN   0.000000       0.000000       0.000000       0.000000       0.000000       0.000000       0.000000       0.000000       0.000000       0.000000       0.000000       0.000000       0.000000       0.000000       0.000000       0.000000
  2223.150       1.000000      -2636617.      -1571179.       61.94854       479.2471       269.4000       5.147176      0.4734320E-03  0.1852103E-04   0.000000       0.000000                NaN   0.000000       0.000000       0.000000       0.000000       0.000000       0.000000       0.000000       0.000000       0.000000       0.000000       0.000000       0.000000       0.000000       0.000000       0.000000       0.000000
  2233.150       1.000000      -2641416.      -1568485.       61.78337       480.4562       269.4000       5.151914      0.4738676E-03  0.1856754E-04   0.000000       0.000000                NaN   0.000000       0.000000       0.000000       0.000000       0.000000       0.000000       0.000000       0.000000       0.000000       0.000000       0.000000       0.000000       0.000000       0.000000       0.000000       0.000000
  2243.150       1.000000      -2646226.      -1565791.       61.61996       481.6599       269.4000       5.156655      0.4743036E-03  0.1861421E-04   0.000000       0.000000                NaN   0.000000       0.000000       0.000000       0.000000       0.000000       0.000000       0.000000       0.000000       0.000000       0.000000       0.000000       0.000000       0.000000       0.000000       0.000000       0.000000
  2253.150       1.000000      -2651049.      -1563097.       61.45828       482.8582       269.4000       5.161402      0.4747400E-03  0.1866104E-04   0.000000       0.000000                NaN   0.000000       0.000000       0.000000       0.000000       0.000000       0.000000       0.000000       0.000000       0.000000       0.000000       0.000000       0.000000       0.000000       0.000000       0.000000       0.000000
  2263.150       1.000000      -2655884.      -1560403.       61.29830       484.0512       269.4000       5.166152      0.4751768E-03  0.1870804E-04   0.000000       0.000000                NaN   0.000000       0.000000       0.000000       0.000000       0.000000       0.000000       0.000000       0.000000       0.000000       0.000000       0.000000       0.000000       0.000000       0.000000       0.000000       0.000000
  2273.150       1.000000      -2660730.      -1557709.       61.14000       485.2390       269.4000       5.170907      0.4756140E-03  0.1875521E-04   0.000000       0.000000                NaN   0.000000       0.000000       0.000000       0.000000       0.000000       0.000000       0.000000       0.000000       0.000000       0.000000       0.000000       0.000000       0.000000       0.000000       0.000000       0.000000
